-0.015567       0.11387        0.95000
-2.1639E-4      0.17502        0.95000
-0.090710       0.11698        0.95000
0.0000          0.17510        0.95000
-0.089642       0.032745       0.95000
-0.099264       0.10451        0.95000
-0.093465       0.025000       0.95000
0.045166        -0.022130      0.95000
0.067972        -0.027471      0.95000
0.077022        -0.034690      0.95000
0.042027        0.0060921      0.95000
0.0000          0.0024543      0.95000
1.1893E-4       0.17514        0.95000
0.0086127       0.17630        0.95000
0.069302        0.17929        0.95000
0.075585        0.18001        0.95000
8.9834          -0.82840       0.95000
8.9323          -0.80630       0.95000
9.0000          -0.83499       0.95000
8.9828          -0.65194       0.95000
8.9327          -0.63399       0.95000
9.0000          -0.66140       0.95000
-0.097158       0.10998        0.95000
0.094756        -0.033032      0.95000
0.15412         -0.021538      0.95000
0.30881         -0.0070497     0.95000
0.31577         -0.0061338     0.95000
0.38626         0.0022265      0.95000
0.23143         -0.016033      0.95000
0.24093         -0.015084      0.95000
0.16298         -0.020964      0.95000
0.39137         0.0029772      0.95000
0.46379         0.011734       0.95000
0.46752         0.012301       0.95000
0.54136         0.021479       0.95000
0.081908        0.18081        0.95000
0.15187         0.16545        0.95000
0.77423         0.052192       0.95000
0.77489         0.052292       0.95000
0.85187         0.062847       0.95000
0.69660         0.041722       0.95000
0.69780         0.041905       0.95000
0.85208         0.062879       0.95000
0.89802         0.069268       0.95000
0.61897         0.031474       0.95000
0.62084         0.031760       0.95000
0.54405         0.021891       0.95000
0.30516         0.17981        0.95000
0.34393         0.18504        0.95000
0.38210         0.19175        0.95000
0.22841         0.16981        0.95000
0.26615         0.17479        0.95000
0.18329         0.16947        0.95000
0.92886         0.073928       0.95000
0.92949         0.074016       0.95000
0.42022         0.19700        0.95000
0.45921         0.20431        0.95000
1.1623          0.10853        0.95000
1.2359          0.11927        0.95000
1.2399          0.11983        0.95000
1.3175          0.13100        0.95000
1.3130          0.13038        0.95000
1.0052          0.085388       0.95000
1.0071          0.085651       0.95000
0.49624         0.20949        0.95000
0.53648         0.21640        0.95000
1.0847          0.097148       0.95000
1.1588          0.10804        0.95000
1.0819          0.096754       0.95000
1.3951          0.14203        0.95000
1.3903          0.14136        0.95000
0.76905         0.24835        0.95000
0.80764         0.25390        0.95000
0.84675         0.25806        0.95000
0.69143         0.23829        0.95000
0.72881         0.24365        0.95000
0.88679         0.26381        0.95000
0.92449         0.26759        0.95000
0.61389         0.22770        0.95000
0.65050         0.23292        0.95000
0.57292         0.22156        0.95000
1.2357          0.30518        0.95000
1.2038          0.30219        0.95000
1.1579          0.29580        0.95000
1.3135          0.31451        0.95000
1.2828          0.31164        0.95000
1.4728          0.15292        0.95000
1.4675          0.15221        0.95000
0.96607         0.27354        0.95000
1.0023          0.27701        0.95000
1.1246          0.29268        0.95000
1.0801          0.28640        0.95000
1.0454          0.28315        0.95000
1.3914          0.32381        0.95000
1.3618          0.32100        0.95000
1.5504          0.16369        0.95000
1.5447          0.16292        0.95000
2.0171          0.22427        0.95000
2.0050          0.22301        0.95000
1.9392          0.21473        0.95000
1.9288          0.21358        0.95000
1.8614          0.20494        0.95000
2.0951          0.23352        0.95000
2.0809          0.23214        0.95000
1.8523          0.20390        0.95000
1.7836          0.19494        0.95000
1.6281          0.17430        0.95000
1.6218          0.17348        0.95000
1.4693          0.33302        0.95000
1.4406          0.33028        0.95000
2.2512          0.25097        0.95000
2.2321          0.24939        0.95000
2.1731          0.24245        0.95000
2.1566          0.24096        0.95000
2.3293          0.25898        0.95000
2.3076          0.25733        0.95000
1.7756          0.19398        0.95000
1.7058          0.18472        0.95000
1.6988          0.18384        0.95000
1.5472          0.34213        0.95000
1.5192          0.33943        0.95000
2.3832          0.26477        0.95000
2.4075          0.26645        0.95000
2.0152          0.39237        0.95000
1.9894          0.38992        0.95000
1.9371          0.38472        0.95000
1.9112          0.38223        0.95000
1.8590          0.37674        0.95000
2.0934          0.39968        0.95000
2.0675          0.39724        0.95000
1.8329          0.37419        0.95000
1.7810          0.36844        0.95000
1.6251          0.35109        0.95000
1.5978          0.34843        0.95000
3.3976          0.30426        0.95000
3.4257          0.30461        0.95000
3.3474          0.30577        0.95000
3.3177          0.30521        0.95000
3.2690          0.30628        0.95000
2.6422          0.28535        0.95000
2.6858          0.28901        0.95000
2.7205          0.29039        0.95000
2.5639          0.27967        0.95000
2.6100          0.28383        0.95000
2.7618          0.29356        0.95000
2.7989          0.29477        0.95000
2.4857          0.27335        0.95000
2.5343          0.27805        0.95000
2.4587          0.27168        0.95000
2.2499          0.41307        0.95000
2.2237          0.41077        0.95000
2.1716          0.40659        0.95000
2.1456          0.40421        0.95000
2.3282          0.41914        0.95000
2.3017          0.41690        0.95000
1.7547          0.36585        0.95000
1.7030          0.35987        0.95000
1.6763          0.35725        0.95000
3.4774          0.30263        0.95000
3.5040          0.30287        0.95000
3.2377          0.30545        0.95000
3.1907          0.30611        0.95000
2.8379          0.29747        0.95000
2.8772          0.29845        0.95000
2.4065          0.42478        0.95000
2.3797          0.42259        0.95000
3.5573          0.30038        0.95000
3.5823          0.30063        0.95000
3.1576          0.30497        0.95000
3.1123          0.30524        0.95000
3.0774          0.30376        0.95000
3.0339          0.30368        0.95000
3.3904          0.45922        0.95000
3.4266          0.45816        0.95000
3.3481          0.45723        0.95000
3.3089          0.45806        0.95000
3.2696          0.45651        0.95000
2.7202          0.44263        0.95000
2.6914          0.44084        0.95000
2.6417          0.43888        0.95000
2.6135          0.43701        0.95000
2.5633          0.43467        0.95000
2.9970          0.30182        0.95000
2.9556          0.30142        0.95000
2.9141          0.30070        0.95000
2.7986          0.44593        0.95000
2.7693          0.44421        0.95000
2.5356          0.43268        0.95000
2.4849          0.42997        0.95000
2.4577          0.42787        0.95000
3.6373          0.29760        0.95000
3.6605          0.29786        0.95000
3.4736          0.46156        0.95000
3.5051          0.46037        0.95000
3.2283          0.45705        0.95000
3.1911          0.45564        0.95000
2.8771          0.44876        0.95000
2.8470          0.44714        0.95000
3.7174          0.29424        0.95000
3.7387          0.29425        0.95000
3.5620          0.46854        0.95000
3.5836          0.46754        0.95000
3.1481          0.45587        0.95000
3.1126          0.45448        0.95000
3.0681          0.45437        0.95000
3.0341          0.45297        0.95000
2.9884          0.45251        0.95000
2.9556          0.45109        0.95000
2.9247          0.44959        0.95000
4.2068          0.26435        0.95000
4.2161          0.26579        0.95000
4.2035          0.26441        0.95000
4.1289          0.26182        0.95000
3.9549          0.27804        0.95000
3.9730          0.27619        0.95000
3.8950          0.28331        0.95000
3.8763          0.28449        0.95000
3.8169          0.28931        0.95000
3.7973          0.29002        0.95000
3.6486          0.48752        0.95000
4.3245          0.29498        0.95000
4.2853          0.30019        0.95000
4.3632          0.30311        0.95000
4.1126          0.26346        0.95000
4.0510          0.26799        0.95000
4.0330          0.27052        0.95000
4.4145          0.29596        0.95000
4.4409          0.29721        0.95000
3.6621          0.48839        0.95000
4.4966          0.28909        0.95000
4.5185          0.28895        0.95000
3.6637          0.48833        0.95000
3.7406          0.49282        0.95000
4.6564          0.26996        0.95000
4.5961          0.27940        0.95000
4.6736          0.26883        0.95000
4.5769          0.28011        0.95000
4.7352          0.25889        0.95000
4.7510          0.25731        0.95000
4.3133          0.45172        0.95000
4.2876          0.45338        0.95000
4.3655          0.44470        0.95000
4.2337          0.46021        0.95000
4.2097          0.46261        0.95000
4.1551          0.46907        0.95000
4.1318          0.47116        0.95000
4.3941          0.44378        0.95000
4.4433          0.43682        0.95000
3.9156          0.48814        0.95000
3.9755          0.48278        0.95000
3.8973          0.48735        0.95000
3.8342          0.49157        0.95000
3.8190          0.49218        0.95000
3.7508          0.49218        0.95000
5.4157          0.20613        0.95000
5.3701          0.21440        0.95000
5.4474          0.20558        0.95000
5.4978          0.19651        0.95000
5.5247          0.19389        0.95000
5.0454          0.20774        0.95000
4.9828          0.21793        0.95000
5.0600          0.20433        0.95000
4.9682          0.22116        0.95000
4.9056          0.23162        0.95000
4.8910          0.23433        0.95000
4.8283          0.24488        0.95000
4.8134          0.24701        0.95000
5.1237          0.19528        0.95000
5.1373          0.19278        0.95000
4.0764          0.47722        0.95000
4.0537          0.47802        0.95000
3.9967          0.48370        0.95000
4.4761          0.43655        0.95000
4.5210          0.42991        0.95000
6.4414          -0.013529      0.95000
6.3749          1.4928E-4      0.95000
6.4524          -0.016576      0.95000
6.3033          0.016294       0.95000
6.3693          0.0016164      0.95000
5.6552          0.17170        0.95000
5.6019          0.18111        0.95000
5.6791          0.16768        0.95000
5.5770          0.18453        0.95000
5.7325          0.15840        0.95000
5.7564          0.15377        0.95000
5.2146          0.18850        0.95000
5.2370          0.18985        0.95000
5.2094          0.18916        0.95000
5.3229          0.20660        0.95000
5.2926          0.21209        0.95000
4.6546          0.43364        0.95000
4.5987          0.42565        0.95000
4.6766          0.43013        0.95000
4.5611          0.43145        0.95000
4.7277          0.44546        0.95000
8.9009          -0.79419       0.95000
8.8638          -0.77570       0.95000
6.5140          -0.028117      0.95000
6.5299          -0.032800      0.95000
6.2994          0.018729       0.95000
6.2975          0.019013       0.95000
5.8092          0.14476        0.95000
5.8337          0.13944        0.95000
5.3975          0.34990        0.95000
5.3732          0.35356        0.95000
5.4504          0.34005        0.95000
5.4757          0.33626        0.95000
5.5276          0.32664        0.95000
4.7545          0.44493        0.95000
8.0237          -0.45244       0.95000
7.9901          -0.44301       0.95000
8.0654          -0.46857       0.95000
7.9536          -0.42922       0.95000
7.9144          -0.41883       0.95000
8.8229          -0.76034       0.95000
8.7944          -0.74585       0.95000
6.5868          -0.042421      0.95000
6.6074          -0.048946      0.95000
6.2430          0.047023       0.95000
6.2204          0.050334       0.95000
5.6315          0.30874        0.95000
5.6049          0.31315        0.95000
5.6821          0.29954        0.95000
5.5537          0.32255        0.95000
5.9606          0.11660        0.95000
5.9110          0.12465        0.95000
5.9884          0.10916        0.95000
5.8853          0.13084        0.95000
5.7091          0.29486        0.95000
5.7594          0.28584        0.95000
6.0350          0.10183        0.95000
6.0657          0.092478       0.95000
5.3194          0.36360        0.95000
5.2960          0.36745        0.95000
5.0075          0.41844        0.95000
4.9869          0.41966        0.95000
5.0643          0.40827        0.95000
4.9272          0.42976        0.95000
4.9096          0.43102        0.95000
4.8445          0.43877        0.95000
4.8321          0.44020        0.95000
4.7584          0.44449        0.95000
5.0863          0.40560        0.95000
5.1415          0.39553        0.95000
8.0931          -0.47679       0.95000
8.1404          -0.49532       0.95000
7.8828          -0.40722       0.95000
7.8386          -0.39612       0.95000
8.7459          -0.72782       0.95000
8.7242          -0.71720       0.95000
7.6665          -0.34775       0.95000
7.6096          -0.33377       0.95000
7.6861          -0.35413       0.95000
7.5947          -0.32908       0.95000
7.5329          -0.31339       0.95000
7.8111          -0.38643       0.95000
7.7624          -0.37472       0.95000
7.7389          -0.36673       0.95000
7.5236          -0.31054       0.95000
7.4562          -0.29300       0.95000
7.4233          -0.28420       0.95000
7.4531          -0.29209       0.95000
7.0562          -0.17343       0.95000
6.9939          -0.16017       0.95000
7.0712          -0.17803       0.95000
6.9854          -0.15770       0.95000
6.9166          -0.14209       0.95000
6.9041          -0.13908       0.95000
6.9153          -0.14173       0.95000
6.6594          -0.056921      0.95000
6.6849          -0.065878      0.95000
6.1778          0.068376       0.95000
6.1431          0.073536       0.95000
6.1077          0.086069       0.95000
6.4005          0.17506        0.95000
6.3792          0.17929        0.95000
6.4569          0.16660        0.95000
6.3238          0.18765        0.95000
6.3016          0.19208        0.95000
5.7864          0.28095        0.95000
5.8367          0.27209        0.95000
5.2416          0.37756        0.95000
5.2188          0.38167        0.95000
5.1641          0.39178        0.95000
8.1621          -0.50215       0.95000
8.2150          -0.52295       0.95000
8.6689          -0.69680       0.95000
8.6532          -0.68948       0.95000
8.8995          -0.61715       0.95000
8.8644          -0.60481       0.95000
8.4435          -0.61013       0.95000
8.4364          -0.60735       0.95000
8.5093          -0.63495       0.95000
8.3714          -0.58243       0.95000
8.3631          -0.57933       0.95000
7.3938          -0.26709       0.95000
7.3795          -0.26435       0.95000
7.3345          -0.24246       0.95000
7.3027          -0.23672       0.95000
7.1275          -0.18908       0.95000
7.1485          -0.19600       0.95000
6.8605          -0.11354       0.95000
6.8396          -0.11033       0.95000
6.7985          -0.090729      0.95000
6.7623          -0.085380      0.95000
6.7305          -0.072579      0.95000
6.4771          0.16257        0.95000
6.5345          0.15397        0.95000
6.2472          0.20039        0.95000
6.2240          0.20499        0.95000
5.9404          0.25334        0.95000
5.9141          0.25837        0.95000
5.9915          0.24476        0.95000
5.8635          0.26709        0.95000
6.0172          0.23976        0.95000
6.0690          0.23131        0.95000
8.3008          -0.55514       0.95000
8.2892          -0.55109       0.95000
8.2312          -0.52833       0.95000
8.0048          -0.27536       0.95000
7.9936          -0.27155       0.95000
8.0687          -0.29629       0.95000
7.9323          -0.25286       0.95000
7.9181          -0.24799       0.95000
8.5925          -0.66706       0.95000
8.5815          -0.66222       0.95000
8.5172          -0.63827       0.95000
8.8189          -0.58342       0.95000
8.7953          -0.57526       0.95000
7.2684          -0.22245       0.95000
7.2257          -0.21494       0.95000
7.1987          -0.20510       0.95000
6.5538          0.15016        0.95000
6.6121          0.14135        0.95000
6.1706          0.21330        0.95000
6.1465          0.21806        0.95000
6.0939          0.22641        0.95000
8.0768          -0.29903       0.95000
8.1436          -0.32232       0.95000
7.8594          -0.23138       0.95000
7.8423          -0.22516       0.95000
8.7401          -0.55087       0.95000
8.7254          -0.54580       0.95000
8.5084          -0.46074       0.95000
8.4387          -0.43775       0.95000
8.5114          -0.46191       0.95000
8.4297          -0.43436       0.95000
8.3656          -0.41102       0.95000
7.6470          -0.16714       0.95000
7.6140          -0.14845       0.95000
7.6902          -0.17721       0.95000
7.5838          -0.14185       0.95000
7.5378          -0.11227       0.95000
7.7867          -0.21050       0.95000
7.7663          -0.20208       0.95000
7.7154          -0.18946       0.95000
7.5161          -0.10076       0.95000
7.5299          -0.11062       0.95000
7.0354          0.019411       0.95000
6.9990          0.042741       0.95000
7.0760          0.012557       0.95000
6.9417          0.072373       0.95000
6.9772          0.046320       0.95000
6.6306          0.13775        0.95000
6.6897          0.12846        0.95000
8.3551          -0.40731       0.95000
8.2920          -0.38124       0.95000
8.2398          -0.35772       0.95000
8.2853          -0.37899       0.95000
8.1480          -0.32388       0.95000
8.2180          -0.34952       0.95000
8.5325          -0.46843       0.95000
8.6626          -0.51942       0.95000
8.6548          -0.51667       0.95000
7.4657          -0.086505      0.95000
7.4612          -0.085163      0.95000
7.3937          -0.068140      0.95000
7.3844          -0.065423      0.95000
7.3205          -0.051058      0.95000
7.3074          -0.047143      0.95000
7.1018          -0.0013507     0.95000
7.1531          -0.010324      0.95000
6.9243          0.077256       0.95000
6.9221          0.077900       0.95000
6.8539          0.094845       0.95000
6.8447          0.097211       0.95000
6.7817          0.11093        0.95000
6.7673          0.11413        0.95000
6.7069          0.12502        0.95000
8.2189          -0.34983       0.95000
8.5861          -0.48909       0.95000
8.5834          -0.48812       0.95000
7.2465          -0.034911      0.95000
7.2303          -0.029369      0.95000
7.1730          -0.018812      0.95000
