0.0000          0.016621
6.2500E-6       0.021614
1.2500E-5       0.023879
2.5000E-5       0.024912
5.0000E-5       0.025740
7.5000E-5       0.026244
1.2500E-4       0.026898
2.2500E-4       0.027849
3.2500E-4       0.028680
5.2500E-4       0.030182
7.0500E-4       0.031458
8.8500E-4       0.032679
0.0010650       0.033854
0.0014250       0.036113
0.0017850       0.038239
0.0021450       0.040246
0.0025050       0.042147
0.0032250       0.045671
0.0039450       0.048890
0.0046650       0.051863
0.0053850       0.054636
0.0061050       0.057241
0.0068250       0.059706
0.0075450       0.062051
0.0089850       0.066443
0.010425        0.070516
0.011865        0.074339
0.013305        0.077962
0.014745        0.081425
0.016185        0.084755
0.019065        0.091087
0.021945        0.097069
0.024825        0.10277
0.027705        0.10824
0.030585        0.11351
0.033465        0.11859
0.036345        0.12351
0.042105        0.13289
0.047865        0.14177
0.053625        0.15020
0.059385        0.15824
0.065145        0.16592
0.070905        0.17329
0.076665        0.18039
0.082425        0.18723
0.093945        0.20025
0.10546         0.21252
0.11698         0.22415
0.12850         0.23525
0.14002         0.24591
0.15154         0.25620
0.16307         0.26617
0.17459         0.27587
0.18610         0.28535
0.19762         0.29464
0.20914         0.30376
0.22067         0.31275
0.23219         0.32161
0.24371         0.33038
0.25523         0.33905
0.26675         0.34766
0.27827         0.35623
0.28979         0.36479
0.30131         0.37335
0.31283         0.38191
0.32435         0.39051
0.33587         0.39914
0.34739         0.40782
0.35891         0.41655
0.37043         0.42533
0.38195         0.43417
0.39347         0.44309
0.40499         0.45208
0.41651         0.46115
0.42803         0.47031
0.43955         0.47956
0.45107         0.48891
0.46259         0.49837
0.47411         0.50793
0.48563         0.51762
0.49715         0.52742
0.50867         0.53735
0.52325         0.55016
0.53784         0.56312
0.55097         0.57498
0.56411         0.58700
0.57724         0.59922
0.59037         0.61161
0.60350         0.62417
0.61663         0.63691
0.62976         0.64983
0.64289         0.66293
0.65602         0.67619
0.66915         0.68963
0.68228         0.70323
0.69541         0.71700
0.70854         0.73093
0.72167         0.74503
0.73480         0.75929
0.74793         0.77374
0.76106         0.78835
0.77419         0.80312
0.78733         0.81805
0.80046         0.83313
0.81359         0.84834
0.82672         0.86368
0.83985         0.87911
0.85298         0.89462
0.86611         0.91017
0.87924         0.92571
0.89237         0.94119
0.90550         0.95654
0.91863         0.97166
0.93176         0.98644
0.94489         1.0007
0.95802         1.0141
0.97115         1.0266
0.97953         1.0332
0.98790         1.0390
0.99544         1.0433
1.0022          1.0466
1.0090          1.0492
1.0158          1.0510
1.0219          1.0515
1.0280          1.0506
1.0341          1.0478
1.0396          1.0437
1.0445          1.0393
1.0495          1.0347
1.0539          1.0306
1.0584          1.0267
1.0628          1.0231
1.0673          1.0197
1.0717          1.0164
1.0762          1.0131
1.0806          1.0097
1.0851          1.0062
1.0895          1.0025
1.0940          0.99857
1.0984          0.99428
1.1029          0.98963
1.1073          0.98458
1.1118          0.97909
1.1162          0.97312
1.1207          0.96665
1.1251          0.95967
1.1296          0.95213
1.1340          0.94403
1.1385          0.93535
1.1429          0.92608
1.1474          0.91621
1.1518          0.90574
1.1563          0.89467
1.1607          0.88303
1.1652          0.87080
1.1696          0.85802
1.1741          0.84471
1.1781          0.83230
1.1821          0.81950
1.1861          0.80636
1.1901          0.79289
1.1941          0.77915
1.1981          0.76515
1.2021          0.75094
1.2061          0.73657
1.2101          0.72209
1.2137          0.70898
1.2173          0.69586
1.2209          0.68275
1.2245          0.66967
1.2281          0.65665
1.2317          0.64371
1.2353          0.63088
1.2390          0.61817
1.2426          0.60559
1.2462          0.59319
1.2498          0.58104
1.2534          0.56923
1.2570          0.55757
1.2606          0.54569
1.2642          0.53364
1.2678          0.52159
1.2714          0.50967
1.2750          0.49801
1.2786          0.48665
1.2822          0.47556
1.2858          0.46474
1.2894          0.45417
1.2930          0.44391
1.2966          0.43399
1.3002          0.42427
1.3038          0.41434
1.3074          0.40415
1.3110          0.39376
1.3146          0.38325
1.3182          0.37270
1.3219          0.36207
1.3255          0.35125
1.3291          0.34003
1.3327          0.32804
1.3363          0.31455
1.3399          0.29810
1.3435          0.27559
1.3462          0.24974
1.3489          0.20444
1.3494          0.19269
1.3503          0.16434
1.3512          0.12603
1.3521          0.076453
1.3528          0.038819
1.3534          0.019768
1.3540          0.012688
1.3544          0.010089
1.3549          0.0083422
1.3554          0.0071263
1.3558          0.0062063
1.3563          0.0054749
1.3567          0.0048832
1.3572          0.0043985
1.3576          0.0039968
