0.0000          0.0029810
1.6000E-5       0.0049462
2.0800E-4       0.0057665
9.1200E-4       0.0071193
0.0021920       0.0088100
0.0039328       0.010594
0.0071584       0.013277
0.011766        0.016535
0.020982        0.022082
0.035728        0.029543
0.054160        0.037583
0.091024        0.051337
0.11938         0.060696
0.13540         0.065776
0.14537         0.068910
0.15311         0.071346
0.15665         0.072460
0.16190         0.074115
0.16603         0.075423
0.17548         0.078424
0.18174         0.080420
0.18918         0.082807
0.19315         0.084088
0.19388         0.084320
0.19972         0.086218
0.20806         0.088943
0.22058         0.093079
0.22434         0.094330
0.22762         0.095430
0.23490         0.097882
0.24218         0.10036
0.24946         0.10285
0.25674         0.10538
0.26402         0.10791
0.27130         0.11048
0.27858         0.11305
0.28586         0.11566
0.29315         0.11827
0.30043         0.12091
0.30621         0.12299
0.31161         0.12495
0.31702         0.12693
0.32242         0.12893
0.32783         0.13096
0.33324         0.13301
0.33864         0.13508
0.34513         0.13761
0.35507         0.14150
0.36480         0.14539
0.37414         0.14917
0.38290         0.15278
0.39166         0.15643
0.40042         0.16015
0.40917         0.16390
0.41793         0.16773
0.42669         0.17160
0.43545         0.17553
0.44420         0.17952
0.45893         0.18636
0.47045         0.19183
0.48126         0.19706
0.49206         0.20238
0.50286         0.20781
0.51366         0.21331
0.52446         0.21895
0.53527         0.22467
0.54607         0.23052
0.55687         0.23645
0.56767         0.24252
0.57847         0.24869
0.58928         0.25499
0.60008         0.26137
0.61088         0.26790
0.62168         0.27450
0.63248         0.28122
0.64328         0.28800
0.65409         0.29490
0.66489         0.30185
0.67569         0.30889
0.68649         0.31594
0.69686         0.32277
0.70561         0.32851
0.71317         0.33347
0.71917         0.33738
0.72456         0.34088
0.72932         0.34392
0.73397         0.34688
0.73862         0.34975
0.74327         0.35249
0.74380         0.35278
0.74431         0.35321
0.74496         0.35350
0.74558         0.35373
0.74680         0.35438
0.75004         0.35623
0.75179         0.35706
0.75236         0.35752
0.75329         0.35792
0.75373         0.35808
0.75476         0.35854
0.75607         0.35897
0.75676         0.35943
0.75824         0.36000
0.75884         0.36025
0.75985         0.36060
0.76059         0.36090
0.76092         0.36101
0.76134         0.36118
0.76235         0.36160
0.76382         0.36213
0.76507         0.36254
0.76656         0.36299
0.76906         0.36364
0.77155         0.36400
0.77454         0.36399
0.77828         0.36274
0.78128         0.36111
0.78576         0.35867
0.79007         0.35651
0.79058         0.35616
0.79196         0.35555
0.79597         0.35401
0.79873         0.35311
0.80374         0.35188
0.80876         0.35035
0.81377         0.34831
0.81878         0.34555
0.82379         0.34246
0.82881         0.33909
0.83382         0.33509
0.83883         0.33077
0.84384         0.32607
0.84886         0.32074
0.85290         0.31622
0.85342         0.31561
0.85550         0.31315
0.85966         0.30781
0.86319         0.30306
0.86394         0.30203
0.86570         0.29965
0.86950         0.29411
0.87292         0.28876
0.87612         0.28367
0.87745         0.28149
0.87752         0.28136
0.87843         0.27994
0.88171         0.27460
0.88589         0.26720
0.88804         0.26327
0.88807         0.26319
0.88817         0.26299
0.88836         0.26264
0.88931         0.26094
0.89168         0.25665
0.89594         0.24896
0.90039         0.24095
0.90358         0.23530
0.90677         0.22941
0.90996         0.22324
0.91316         0.21714
0.91635         0.21120
0.91954         0.20542
0.92273         0.19979
0.92592         0.19433
0.92911         0.18912
0.93230         0.18417
0.93549         0.17940
0.93868         0.17479
0.94187         0.17032
0.94507         0.16603
0.94826         0.16192
0.95145         0.15801
0.95464         0.15434
0.95783         0.15096
0.96102         0.14787
0.96421         0.14498
0.96740         0.14216
0.97059         0.13939
0.97378         0.13674
0.97698         0.13423
0.98017         0.13182
0.98336         0.12941
0.98655         0.12702
0.98974         0.12468
0.99293         0.12242
0.99612         0.12027
0.99931         0.11821
1.0025          0.11628
1.0057          0.11446
1.0089          0.11270
1.0121          0.11088
1.0153          0.10903
1.0185          0.10718
1.0216          0.10537
1.0248          0.10360
1.0280          0.10187
1.0338          0.098880
1.0402          0.095667
1.0465          0.092553
1.0529          0.089506
1.0593          0.086471
1.0656          0.083420
1.0713          0.080432
1.0770          0.076983
1.0828          0.072224
1.0885          0.062153
1.0931          0.028333
1.0956          0.0057808
1.0979          0.0029819
1.1009          0.0017625
1.1032          0.0013299
1.1034          0.0012936
1.1035          0.0012764
1.1035          0.0012749
1.1035          0.0012706
1.1035          0.0012683
1.1036          0.0012661
1.1040          0.0012210
1.1055          0.0010702
1.1055          0.0010605
1.1055          0.0010605
