-0.042782       0.13188        0.95000
-0.055553       0.13101        0.95000
0.0000          0.12538        0.95000
-0.12926        0.079573       0.95000
-0.14368        0.062010       0.95000
-0.14468        0.025000       0.95000
0.0034364       -0.024784      0.95000
0.047217        -0.032255      0.95000
0.063559        -0.034455      0.95000
0.0040401       -0.021558      0.95000
0.0000          -0.021822      0.95000
0.015803        0.13017        0.95000
0.063559        0.13590        0.95000
3.7116          0.61815        0.95000
3.6864          0.61608        0.95000
3.7500          0.61454        0.95000
3.7336          0.74782        0.95000
3.6864          0.74919        0.95000
3.7500          0.74921        0.95000
3.7671          0.61454        0.95000
3.8125          0.62238        0.95000
3.8111          0.76332        0.95000
3.8125          0.76349        0.95000
4.4993          0.59901        0.95000
4.5000          0.59893        0.95000
4.4952          0.59958        0.95000
4.4554          0.61524        0.95000
4.4375          0.61525        0.95000
4.4432          0.76827        0.95000
4.5000          0.77680        0.95000
4.4375          0.76866        0.95000
4.5037          0.59869        0.95000
4.5625          0.60347        0.95000
4.5180          0.77480        0.95000
4.5625          0.76602        0.95000
8.9975          -0.82012       0.95000
9.0000          -0.82190       0.95000
8.9854          -0.81447       0.95000
8.9548          -0.78910       0.95000
8.9375          -0.78301       0.95000
8.9748          -0.64663       0.95000
9.0000          -0.65817       0.95000
8.9375          -0.61499       0.95000
-0.082114       0.12491        0.95000
-0.11887        0.097025       0.95000
0.46976         0.024601       0.95000
0.44492         0.015562       0.95000
0.50847         0.033577       0.95000
0.39650         0.012135       0.95000
0.38136         0.010878       0.95000
0.55895         0.051000       0.95000
0.57203         0.055703       0.95000
0.33444         0.0093897      0.95000
0.31780         0.0083094      0.95000
0.63113         0.062654       0.95000
0.63559         0.063752       0.95000
0.38136         0.20586        0.95000
0.33604         0.18763        0.95000
0.27237         0.0066302      0.95000
0.25424         0.0054446      0.95000
0.69647         0.068355       0.95000
0.69915         0.068778       0.95000
0.42274         0.22426        0.95000
0.44492         0.23364        0.95000
0.31780         0.18043        0.95000
0.26300         0.18870        0.95000
0.25424         0.18663        0.95000
0.29296         0.18450        0.95000
0.12712         -0.017845      0.95000
0.14677         -0.015758      0.95000
0.19829         -0.0064480     0.95000
0.19068         -0.0069458     0.95000
0.73040         0.072751       0.95000
0.48496         0.24513        0.95000
0.30974         0.17987        0.95000
0.19950         0.18411        0.95000
0.19068         0.18231        0.95000
0.12550         -0.018112      0.95000
0.76271         0.077729       0.95000
0.50847         0.24936        0.95000
0.15424         0.17442        0.95000
1.1953          0.19229        0.95000
1.1441          0.17576        0.95000
1.2076          0.19738        0.95000
1.0169          0.13813        0.95000
1.0468          0.14321        0.95000
1.0935          0.15627        0.95000
1.0805          0.14979        0.95000
0.86571         0.11224        0.95000
0.82627         0.10068        0.95000
0.88983         0.12181        0.95000
0.77035         0.081276       0.95000
1.0124          0.13734        0.95000
0.95339         0.13097        0.95000
0.94360         0.12861        0.95000
0.60118         0.25386        0.95000
0.63329         0.25457        0.95000
0.63559         0.25474        0.95000
0.51224         0.24996        0.95000
0.57203         0.25248        0.95000
0.12712         0.16403        0.95000
1.2702          0.20620        0.95000
1.2712          0.20644        0.95000
1.5133          0.26386        0.95000
1.4619          0.24286        0.95000
1.5254          0.26870        0.95000
1.5877          0.27757        0.95000
1.5890          0.27794        0.95000
0.63946         0.25673        0.95000
0.57359         0.25294        0.95000
0.11500         0.16286        0.95000
1.2870          0.20812        0.95000
1.4137          0.22891        0.95000
1.3983          0.22320        0.95000
1.6005          0.27953        0.95000
1.7251          0.29566        0.95000
1.7161          0.29419        0.95000
1.7797          0.30495        0.95000
0.69915         0.28341        0.95000
1.3371          0.21345        0.95000
1.3347          0.21314        0.95000
1.6571          0.28720        0.95000
1.6525          0.28687        0.95000
1.8032          0.31276        0.95000
1.8432          0.32435        0.95000
0.74838         0.30158        0.95000
0.76271         0.30630        0.95000
1.1932          0.38412        0.95000
1.1441          0.38569        0.95000
1.2076          0.38521        0.95000
1.1365          0.38484        0.95000
1.0805          0.37411        0.95000
1.9020          0.34777        0.95000
1.9068          0.34961        0.95000
0.82880         0.31845        0.95000
0.87932         0.31452        0.95000
0.88983         0.31529        0.95000
0.82332         0.31803        0.95000
0.95339         0.32407        0.95000
0.96194         0.32878        0.95000
0.94801         0.32367        0.95000
1.2529          0.38599        0.95000
1.2712          0.38741        0.95000
1.0584          0.36768        0.95000
1.0169          0.35353        0.95000
1.5120          0.45931        0.95000
1.4619          0.45329        0.95000
1.5254          0.46044        0.95000
1.5671          0.45728        0.95000
1.5890          0.45902        0.95000
1.9268          0.35341        0.95000
0.82654         0.31848        0.95000
0.82627         0.31844        0.95000
1.3058          0.40412        0.95000
1.4430          0.44954        0.95000
1.3983          0.43794        0.95000
1.6525          0.46317        0.95000
1.7008          0.48523        0.95000
1.6293          0.46131        0.95000
2.3517          0.43332        0.95000
2.3793          0.43865        0.95000
2.4894          0.45582        0.95000
2.4788          0.45498        0.95000
2.5424          0.46406        0.95000
2.3458          0.43133        0.95000
2.2881          0.41187        0.95000
2.5581          0.46532        0.95000
2.6059          0.47375        0.95000
1.9703          0.36142        0.95000
1.7253          0.49448        0.95000
1.7161          0.49152        0.95000
1.7797          0.50983        0.95000
1.3561          0.42451        0.95000
1.3347          0.41683        0.95000
2.4207          0.44632        0.95000
2.4153          0.44588        0.95000
2.2563          0.40360        0.95000
2.2246          0.39274        0.95000
2.6274          0.47547        0.95000
2.6695          0.48291        0.95000
2.0435          0.36984        0.95000
2.0339          0.36909        0.95000
2.0975          0.37762        0.95000
1.9763          0.36188        0.95000
1.8099          0.51798        0.95000
1.8432          0.52472        0.95000
2.1787          0.38649        0.95000
2.1610          0.38393        0.95000
2.1118          0.37871        0.95000
2.6961          0.48503        0.95000
2.7331          0.48925        0.95000
1.8852          0.53353        0.95000
1.9068          0.53707        0.95000
2.4998          0.61973        0.95000
2.4788          0.61543        0.95000
2.5424          0.62728        0.95000
2.7613          0.49150        0.95000
2.7966          0.49396        0.95000
2.5717          0.63265        0.95000
2.6059          0.63874        0.95000
1.9524          0.54204        0.95000
1.9703          0.54355        0.95000
2.4289          0.60768        0.95000
2.4153          0.60506        0.95000
2.3617          0.59902        0.95000
2.3517          0.59735        0.95000
2.2971          0.59265        0.95000
2.2881          0.59129        0.95000
2.8245          0.49620        0.95000
2.8602          0.49919        0.95000
2.6408          0.64312        0.95000
2.6695          0.64709        0.95000
2.0677          0.54238        0.95000
2.0339          0.54373        0.95000
2.0975          0.54483        0.95000
2.0095          0.54174        0.95000
2.1610          0.55887        0.95000
2.2080          0.57789        0.95000
2.1422          0.55731        0.95000
2.2293          0.58346        0.95000
2.2246          0.58266        0.95000
2.8883          0.50145        0.95000
2.9237          0.50387        0.95000
2.7050          0.64916        0.95000
2.7331          0.65164        0.95000
3.4607          0.60063        0.95000
3.4322          0.59828        0.95000
3.4958          0.60457        0.95000
3.3948          0.59332        0.95000
3.3686          0.59116        0.95000
3.5256          0.60703        0.95000
3.5593          0.60998        0.95000
3.3281          0.58524        0.95000
3.3051          0.58335        0.95000
3.2608          0.57667        0.95000
3.2415          0.57508        0.95000
3.1144          0.54435        0.95000
3.1344          0.55036        0.95000
3.1914          0.56615        0.95000
3.1780          0.56504        0.95000
2.9517          0.50625        0.95000
2.9873          0.50864        0.95000
2.7649          0.65131        0.95000
2.7966          0.65399        0.95000
3.5894          0.61246        0.95000
3.6229          0.61423        0.95000
3.1071          0.54208        0.95000
3.0508          0.52110        0.95000
3.0202          0.51575        0.95000
2.8244          0.65316        0.95000
2.8602          0.65619        0.95000
3.4844          0.73050        0.95000
3.4322          0.72442        0.95000
3.4958          0.73147        0.95000
3.4190          0.72330        0.95000
3.3686          0.71755        0.95000
3.6519          0.61663        0.95000
3.5504          0.73834        0.95000
3.5593          0.73910        0.95000
3.3539          0.71630        0.95000
3.3051          0.71082        0.95000
3.2888          0.70944        0.95000
3.2415          0.70486        0.95000
3.2248          0.70344        0.95000
3.1780          0.70080        0.95000
2.8880          0.65858        0.95000
2.9237          0.66162        0.95000
3.6170          0.74674        0.95000
3.6229          0.74724        0.95000
3.1629          0.69952        0.95000
3.1144          0.69843        0.95000
2.9632          0.67475        0.95000
2.9873          0.67680        0.95000
3.6764          0.74834        0.95000
3.1031          0.69747        0.95000
3.0508          0.69237        0.95000
3.0389          0.69135        0.95000
3.8386          0.62238        0.95000
3.8750          0.62900        0.95000
3.9731          0.63069        0.95000
4.0000          0.63107        0.95000
3.9375          0.63069        0.95000
3.9087          0.62900        0.95000
4.0361          0.63107        0.95000
4.0625          0.63112        0.95000
4.0986          0.63112        0.95000
4.1250          0.63092        0.95000
3.8683          0.75743        0.95000
3.8750          0.75743        0.95000
3.8163          0.76332        0.95000
4.1609          0.63092        0.95000
4.1875          0.63035        0.95000
3.9871          0.75209        0.95000
4.0000          0.75209        0.95000
3.9375          0.75381        0.95000
3.9266          0.75381        0.95000
3.8127          0.76350        0.95000
4.0478          0.75049        0.95000
4.0625          0.75049        0.95000
4.3442          0.62727        0.95000
4.3750          0.62356        0.95000
4.3125          0.62727        0.95000
4.2840          0.62925        0.95000
4.2500          0.62925        0.95000
4.2227          0.63035        0.95000
4.1081          0.74854        0.95000
4.1250          0.74854        0.95000
4.4025          0.62356        0.95000
4.1683          0.74652        0.95000
4.1875          0.74652        0.95000
4.3618          0.75181        0.95000
4.3750          0.75181        0.95000
4.3125          0.74539        0.95000
4.2920          0.74539        0.95000
4.2500          0.74506        0.95000
4.2291          0.74506        0.95000
4.4067          0.76332        0.95000
4.8125          0.57536        0.95000
4.8195          0.57673        0.95000
4.9725          0.57076        0.95000
5.0000          0.56515        0.95000
4.9375          0.57894        0.95000
4.9057          0.58307        0.95000
4.8750          0.59040        0.95000
5.1181          0.55405        0.95000
5.1250          0.55352        0.95000
5.0625          0.55395        0.95000
5.0384          0.55792        0.95000
4.8082          0.57570        0.95000
4.7500          0.57403        0.95000
5.1378          0.55545        0.95000
4.7263          0.57848        0.95000
4.6875          0.58678        0.95000
5.1875          0.56744        0.95000
4.6608          0.59180        0.95000
4.6250          0.60034        0.95000
5.2142          0.56108        0.95000
5.2500          0.55694        0.95000
4.9743          0.73856        0.95000
5.0000          0.73250        0.95000
4.9375          0.73840        0.95000
4.9019          0.74679        0.95000
4.8750          0.74802        0.95000
5.0625          0.72486        0.95000
5.1132          0.72882        0.95000
5.0447          0.72905        0.95000
4.5844          0.59817        0.95000
4.8334          0.75760        0.95000
4.8125          0.76258        0.95000
5.2817          0.54938        0.95000
5.3125          0.54164        0.95000
6.9947          0.10416        0.95000
7.0000          0.10197        0.95000
6.9494          0.12008        0.95000
5.1250          0.72844        0.95000
4.6875          0.76197        0.95000
4.7080          0.76875        0.95000
4.7638          0.76777        0.95000
4.7500          0.77038        0.95000
5.1277          0.72786        0.95000
5.1875          0.72532        0.95000
5.3439          0.53426        0.95000
5.3750          0.52730        0.95000
6.7831          0.19144        0.95000
6.8125          0.17848        0.95000
6.7500          0.20161        0.95000
6.8909          0.14929        0.95000
6.9375          0.12578        0.95000
6.8750          0.15371        0.95000
6.8380          0.17109        0.95000
7.0508          0.084542       0.95000
7.0625          0.079499       0.95000
6.9404          0.12500        0.95000
4.6743          0.76511        0.95000
4.6250          0.75856        0.95000
5.4076          0.52009        0.95000
5.4375          0.51419        0.95000
5.2025          0.72137        0.95000
5.2500          0.71458        0.95000
6.3932          0.32917        0.95000
6.4375          0.31308        0.95000
6.3750          0.33346        0.95000
6.5584          0.26890        0.95000
6.5625          0.26745        0.95000
6.5186          0.28226        0.95000
6.4498          0.31018        0.95000
6.5000          0.29000        0.95000
6.7272          0.21105        0.95000
6.6875          0.22396        0.95000
7.1066          0.064752       0.95000
7.1250          0.056537       0.95000
8.0551          -0.33819       0.95000
8.0625          -0.34214       0.95000
8.0041          -0.31829       0.95000
4.5910          0.76665        0.95000
5.5000          0.50604        0.95000
5.5594          0.51084        0.95000
5.4767          0.50949        0.95000
5.2695          0.70975        0.95000
5.3125          0.69977        0.95000
5.7205          0.50261        0.95000
5.7500          0.49592        0.95000
5.6875          0.51040        0.95000
6.2152          0.38029        0.95000
6.2500          0.36986        0.95000
6.1875          0.38683        0.95000
5.7834          0.48804        0.95000
5.8125          0.48097        0.95000
6.3348          0.34691        0.95000
6.3125          0.35219        0.95000
6.2754          0.36386        0.95000
6.6710          0.23039        0.95000
6.6250          0.24588        0.95000
6.6147          0.24967        0.95000
6.5035          0.28917        0.95000
7.7428          -0.19982       0.95000
7.7500          -0.20337       0.95000
7.6876          -0.17931       0.95000
7.3708          -0.045613      0.95000
7.3750          -0.047511      0.95000
7.3363          -0.033174      0.95000
7.1620          0.044577       0.95000
7.1875          0.032627       0.95000
7.7976          -0.22078       0.95000
7.8125          -0.22840       0.95000
7.9543          -0.28946       0.95000
8.0000          -0.31609       0.95000
7.9375          -0.28368       0.95000
8.1617          -0.38268       0.95000
8.1875          -0.39747       0.95000
8.1250          -0.36884       0.95000
8.1089          -0.36000       0.95000
8.0011          -0.31646       0.95000
8.3090          -0.45913       0.95000
8.3125          -0.46109       0.95000
8.2878          -0.45040       0.95000
8.2127          -0.40669       0.95000
8.2500          -0.42919       0.95000
5.5625          0.51203        0.95000
5.3376          0.69884        0.95000
5.3750          0.69012        0.95000
5.6534          0.51436        0.95000
5.6250          0.52108        0.95000
5.5646          0.51153        0.95000
6.1544          0.39635        0.95000
6.1250          0.40331        0.95000
5.8457          0.47311        0.95000
5.8750          0.46591        0.95000
6.4051          0.45429        0.95000
6.4375          0.44669        0.95000
6.3750          0.46179        0.95000
6.4669          0.43923        0.95000
6.5000          0.43146        0.95000
7.6875          -0.17927       0.95000
7.6875          -0.17926       0.95000
7.4265          -0.065693      0.95000
7.4375          -0.070826      0.95000
7.2688          0.0012948      0.95000
7.3125          -0.021500      0.95000
7.2500          0.0070098      0.95000
7.2163          0.023623       0.95000
7.3183          -0.023235      0.95000
6.7726          0.36148        0.95000
6.8125          0.35172        0.95000
6.7500          0.36827        0.95000
6.8926          0.32865        0.95000
6.9375          0.31444        0.95000
6.8750          0.33423        0.95000
6.8331          0.34540        0.95000
7.0490          0.26240        0.95000
7.0625          0.25895        0.95000
7.0271          0.28042        0.95000
6.9498          0.31028        0.95000
7.0000          0.29156        0.95000
7.9040          -0.26512       0.95000
7.8750          -0.25490       0.95000
7.8515          -0.24242       0.95000
8.3625          -0.48140       0.95000
8.3750          -0.48868       0.95000
8.2608          -0.43293       0.95000
8.5594          -0.58367       0.95000
8.5625          -0.58551       0.95000
8.5426          -0.57640       0.95000
8.8063          -0.71196       0.95000
8.8125          -0.71611       0.95000
8.7739          -0.69748       0.95000
8.8581          -0.73582       0.95000
8.8750          -0.74764       0.95000
5.4072          0.68902        0.95000
5.4375          0.68194        0.95000
5.7209          0.61693        0.95000
5.7500          0.61010        0.95000
5.6875          0.62332        0.95000
6.0933          0.41213        0.95000
6.0625          0.41941        0.95000
6.2191          0.49906        0.95000
6.2500          0.49181        0.95000
6.1875          0.50684        0.95000
5.9080          0.45811        0.95000
5.9375          0.45067        0.95000
5.7845          0.60310        0.95000
5.8125          0.59653        0.95000
6.3431          0.46926        0.95000
6.3125          0.47681        0.95000
6.2811          0.48417        0.95000
6.5285          0.42403        0.95000
6.5625          0.41604        0.95000
6.7120          0.37740        0.95000
6.6875          0.38449        0.95000
7.5362          -0.10715       0.95000
7.5625          -0.12042       0.95000
7.5000          -0.094944      0.95000
7.4817          -0.086112      0.95000
7.6401          -0.15299       0.95000
7.6250          -0.14810       0.95000
7.5892          -0.12925       0.95000
7.0961          0.23664        0.95000
7.1250          0.22923        0.95000
7.0044          0.28994        0.95000
8.0497          -0.15700       0.95000
8.0625          -0.16136       0.95000
8.0184          -0.13683       0.95000
8.4656          -0.52897       0.95000
8.5000          -0.55115       0.95000
8.4375          -0.51827       0.95000
8.4149          -0.50452       0.95000
8.6123          -0.60661       0.95000
8.6250          -0.61461       0.95000
8.5132          -0.55580       0.95000
8.7584          -0.68507       0.95000
8.7500          -0.68225       0.95000
8.9082          -0.76107       0.95000
5.5315          0.65940        0.95000
5.5625          0.65214        0.95000
5.5000          0.66777        0.95000
5.4702          0.67476        0.95000
5.6569          0.63050        0.95000
5.6250          0.63728        0.95000
5.5937          0.64461        0.95000
6.0318          0.42767        0.95000
6.0000          0.43519        0.95000
5.9700          0.44298        0.95000
6.1570          0.51398        0.95000
6.1250          0.52192        0.95000
5.8472          0.58871        0.95000
5.8750          0.58220        0.95000
6.6511          0.39314        0.95000
6.6250          0.40040        0.95000
6.5899          0.40867        0.95000
7.7428          -0.016519      0.95000
7.7500          -0.018758      0.95000
7.7262          -0.0055233     0.95000
7.1495          0.21535        0.95000
7.1875          0.20515        0.95000
7.7894          -0.043147      0.95000
7.8125          -0.050676      0.95000
7.9473          -0.11007       0.95000
8.0000          -0.12951       0.95000
7.9375          -0.10476       0.95000
8.1485          -0.20673       0.95000
8.1875          -0.22139       0.95000
8.1250          -0.19280       0.95000
8.0976          -0.18294       0.95000
8.0023          -0.13070       0.95000
8.3041          -0.27605       0.95000
8.3125          -0.27901       0.95000
8.2851          -0.26312       0.95000
8.2011          -0.22925       0.95000
8.2500          -0.24828       0.95000
8.7133          -0.65609       0.95000
8.6875          -0.64619       0.95000
8.6639          -0.63052       0.95000
6.0951          0.52893        0.95000
6.0625          0.53706        0.95000
5.9094          0.57392        0.95000
5.9375          0.56734        0.95000
7.6916          0.0067591      0.95000
7.6875          0.0087437      0.95000
7.4275          0.11648        0.95000
7.4375          0.11362        0.95000
7.4064          0.13111        0.95000
7.2633          0.17774        0.95000
7.3125          0.16282        0.95000
7.2500          0.18354        0.95000
7.2058          0.19613        0.95000
7.3209          0.15945        0.95000
7.3750          0.14201        0.95000
7.8931          -0.088919      0.95000
7.8750          -0.078782      0.95000
7.8401          -0.066851      0.95000
8.3504          -0.30347       0.95000
8.3750          -0.31286       0.95000
8.2548          -0.25100       0.95000
8.5509          -0.40187       0.95000
8.5625          -0.40628       0.95000
8.5264          -0.38427       0.95000
8.7895          -0.53505       0.95000
8.8125          -0.54493       0.95000
8.7500          -0.50522       0.95000
8.8365          -0.56235       0.95000
8.8750          -0.58024       0.95000
8.9347          -0.61390       0.95000
8.9307          -0.61006       0.95000
6.0332          0.54393        0.95000
6.0000          0.55223        0.95000
5.9713          0.55895        0.95000
7.5261          0.067546       0.95000
7.5625          0.056198       0.95000
7.5000          0.082714       0.95000
7.4744          0.090294       0.95000
7.6357          0.026490       0.95000
7.6250          0.031913       0.95000
7.5803          0.046583       0.95000
7.3781          0.14082        0.95000
8.4514          -0.35204       0.95000
8.5000          -0.37225       0.95000
8.4375          -0.34351       0.95000
8.3999          -0.32845       0.95000
8.7472          -0.50417       0.95000
8.7424          -0.50017       0.95000
8.5969          -0.42974       0.95000
8.6250          -0.44134       0.95000
8.5041          -0.37473       0.95000
8.8858          -0.58795       0.95000
8.6968          -0.47952       0.95000
8.6875          -0.47339       0.95000
8.6460          -0.45528       0.95000
