0.0000          0.027935
2.6354E-4       0.033038
0.0032608       0.050709
0.010648        0.072059
0.032301        0.11485
0.090043        0.18944
0.20553         0.26293
0.30878         0.29445
0.38783         0.30970
0.47942         0.32295
0.57101         0.33404
0.66260         0.34448
0.76696         0.35707
0.85059         0.36833
0.93421         0.38112
1.0016          0.39286
1.0600          0.40427
1.1184          0.41697
1.1768          0.43113
1.2352          0.44688
1.2936          0.46437
1.3520          0.48374
1.4104          0.50513
1.4688          0.52867
1.5272          0.55449
1.5856          0.58270
1.6440          0.61337
1.7024          0.64660
1.7609          0.68244
1.8193          0.72092
1.8852          0.76757
1.9422          0.81057
2.0218          0.87447
2.1220          0.95927
2.2023          1.0197
2.2034          1.0198
2.2093          1.0218
2.2195          1.0215
2.2252          1.0164
2.2288          1.0080
2.2307          1.0002
2.2312          0.99749
2.2332          0.98187
2.2363          0.92267
2.2388          0.42890
2.2394          0.10208
2.2403          0.042595
2.2410          0.026598
2.2427          0.010776
2.2446          0.0055162
