0.0000          0.0038710
1.4400E-4       0.0065313
9.4400E-4       0.0082615
0.0029920       0.010977
0.0078560       0.015163
0.020144        0.022276
0.052912        0.034003
0.11517         0.046824
0.18890         0.055829
0.23455         0.059887
0.26696         0.062355
0.29180         0.064073
0.31593         0.065613
0.33045         0.066485
0.35363         0.067803
0.37173         0.068780
0.40075         0.070259
0.42936         0.071634
0.45070         0.072610
0.47552         0.073687
0.50354         0.074825
0.52021         0.075479
0.54206         0.076325
0.56177         0.077072
0.58840         0.078054
0.62066         0.079225
0.65221         0.080372
0.68888         0.081728
0.73595         0.083534
0.76085         0.084545
0.78436         0.085551
0.80927         0.086672
0.84134         0.088216
0.87415         0.089937
0.91488         0.092307
0.94376         0.094173
0.97173         0.096159
1.0259          0.10058
1.0943          0.10744
1.1836          0.11903
1.2578          0.13134
1.2818          0.13592
1.3286          0.14569
1.3712          0.15568
1.4069          0.16485
1.4557          0.17861
1.4866          0.18800
1.5303          0.20226
1.5514          0.20954
1.5801          0.21983
1.6110          0.23141
1.6293          0.23848
1.6617          0.25145
1.7036          0.26896
1.7314          0.28102
1.7566          0.29236
1.7819          0.30411
1.8072          0.31628
1.8324          0.32887
1.8577          0.34183
1.8811          0.35407
1.9039          0.36594
1.9266          0.37750
1.9493          0.38799
1.9721          0.39517
1.9787          0.39414
1.9818          0.39072
1.9848          0.37647
1.9865          0.32379
1.9867          0.30114
1.9869          0.22107
1.9872          0.092491
1.9875          0.050694
1.9877          0.031972
1.9881          0.018731
1.9886          0.011220
1.9892          0.0072957
