0.0000          0.0076059
3.6177E-4       0.010511
0.0023675       0.016278
0.0081806       0.026876
0.024922        0.047047
0.062591        0.072510
0.14630         0.10001
0.23001         0.11393
0.29907         0.12150
0.35030         0.12600
0.38335         0.12858
0.40709         0.13032
0.43384         0.13219
0.46726         0.13443
0.49628         0.13629
0.51387         0.13740
0.53498         0.13872
0.56840         0.14078
0.60358         0.14293
0.63876         0.14508
0.67394         0.14725
0.70912         0.14946
0.74430         0.15175
0.77947         0.15415
0.81465         0.15667
0.84983         0.15934
0.88501         0.16219
0.92019         0.16524
0.95537         0.16853
0.99055         0.17209
1.0257          0.17596
1.0609          0.18016
1.0961          0.18473
1.1313          0.18971
1.1664          0.19512
1.2016          0.20100
1.2368          0.20739
1.2720          0.21431
1.3072          0.22180
1.3423          0.22989
1.3775          0.23862
1.4127          0.24802
1.4479          0.25813
1.4831          0.26898
1.5182          0.28057
1.5534          0.29294
1.5886          0.30609
1.6238          0.32002
1.6590          0.33475
1.6941          0.35026
1.7293          0.36657
1.7645          0.38368
1.7997          0.40160
1.8349          0.42031
1.8700          0.43982
1.9052          0.46015
1.9404          0.48129
1.9756          0.50321
2.0108          0.52583
2.0459          0.54892
2.0811          0.57203
2.1163          0.59380
2.1515          0.60850
2.1519          0.60826
2.1530          0.60820
2.1537          0.60808
2.1540          0.60798
2.1541          0.60794
2.1558          0.60750
2.1562          0.60724
2.1567          0.60706
2.1579          0.60621
2.1583          0.60583
2.1598          0.60380
2.1603          0.60278
2.1613          0.60009
2.1633          0.59085
2.1652          0.56767
2.1671          0.39092
2.1674          0.072897
2.1679          0.023146
2.1687          0.010128
2.1699          0.0052373
2.1717          0.0029459
2.1743          0.0017169
2.1773          0.0011481
2.1828          7.0984E-4
