0.0000          0.021503
3.3811E-4       0.032894
0.0036970       0.046398
0.011441        0.064198
0.029474        0.097850
0.085575        0.17660
0.16572         0.25100
0.24586         0.30218
0.32601         0.34124
0.40615         0.37368
0.48630         0.40275
0.56644         0.43062
0.65030         0.46002
0.74374         0.49447
0.84062         0.53362
0.93930         0.57878
1.0468          0.63592
1.1561          0.70438
1.2590          0.77988
1.3565          0.86236
1.4477          0.94948
1.5389          1.0451
1.6301          1.1428
1.6494          1.1601
1.6514          1.1618
1.6562          1.1655
1.6611          1.1686
1.6650          1.1706
1.6681          1.1716
1.6692          1.1721
1.6711          1.1722
1.6727          1.1720
1.6742          1.1718
1.6762          1.1710
1.6785          1.1693
1.6817          1.1651
1.6850          1.1571
1.6884          1.1433
1.6919          1.1183
1.6955          1.0534
1.6983          0.63806
1.6990          0.064847
1.6997          0.024137
1.7012          0.0088245
1.7020          0.0062365
1.7027          0.0048440
1.7032          0.0040954
1.7036          0.0036436
