0.0000          0.0074355
1.4160E-4       0.0088959
0.0012669       0.012295
0.0040502       0.017528
0.010824        0.027430
0.031465        0.047530
0.073055        0.072299
0.15790         0.10467
0.23079         0.12480
0.28535         0.13754
0.35036         0.15108
0.39445         0.15948
0.41202         0.16268
0.42958         0.16588
0.44715         0.16904
0.46472         0.17217
0.48229         0.17526
0.49986         0.17833
0.51743         0.18139
0.53500         0.18444
0.55256         0.18749
0.57013         0.19056
0.58770         0.19364
0.60527         0.19675
0.62284         0.19988
0.64041         0.20305
0.65798         0.20627
0.67554         0.20955
0.69311         0.21290
0.71068         0.21632
0.72825         0.21982
0.74582         0.22341
0.76339         0.22711
0.78096         0.23091
0.79852         0.23483
0.81609         0.23888
0.83366         0.24305
0.85123         0.24735
0.86880         0.25181
0.88637         0.25643
0.90394         0.26121
0.92150         0.26618
0.93907         0.27133
0.95664         0.27668
0.97421         0.28224
0.99178         0.28801
1.0093          0.29401
1.0269          0.30025
1.0445          0.30671
1.0621          0.31343
1.0796          0.32041
1.0972          0.32766
1.1148          0.33518
1.1323          0.34300
1.1499          0.35111
1.1675          0.35953
1.1850          0.36826
1.2026          0.37731
1.2202          0.38669
1.2377          0.39641
1.2553          0.40647
1.2729          0.41688
1.2904          0.42764
1.3080          0.43876
1.3256          0.45024
1.3432          0.46208
1.3607          0.47427
1.3783          0.48683
1.3959          0.49974
1.4134          0.51300
1.4310          0.52659
1.4486          0.54052
1.4661          0.55476
1.4835          0.56914
1.4979          0.58124
1.5121          0.59336
1.5264          0.60561
1.5390          0.61654
1.5505          0.62658
1.5616          0.63624
1.5695          0.64312
1.5770          0.64967
1.5846          0.65618
1.5922          0.66263
1.5988          0.66819
1.6044          0.67280
1.6094          0.67681
1.6136          0.68013
1.6168          0.68263
1.6201          0.68506
1.6231          0.68720
1.6257          0.68903
1.6283          0.69077
1.6296          0.69156
1.6309          0.69236
1.6325          0.69332
1.6331          0.69365
1.6338          0.69392
1.6344          0.69433
1.6352          0.69462
1.6364          0.69518
1.6368          0.69542
1.6378          0.69584
1.6381          0.69592
1.6388          0.69629
1.6393          0.69649
1.6397          0.69665
1.6413          0.69706
1.6419          0.69722
1.6429          0.69739
1.6437          0.69753
1.6445          0.69758
1.6456          0.69745
1.6465          0.69722
1.6473          0.69698
1.6478          0.69672
1.6491          0.69577
1.6510          0.69327
1.6527          0.68864
1.6543          0.68129
1.6567          0.66291
1.6592          0.59755
1.6602          0.42374
1.6606          0.086885
1.6610          0.032426
1.6616          0.013837
1.6624          0.0075960
1.6625          0.0069763
1.6625          0.0068643
1.6625          0.0060801
1.6625          0.0020163
1.6625          -1.2503E-4
1.6625          -2.3099E-4
1.6625          -2.4862E-4
1.6625          -2.8865E-4
1.6625          -1.0287E-4
1.6625          -2.2608E-4
1.6625          -5.5480E-5
1.6625          -1.8397E-4
1.6625          7.9905E-5
1.6625          -1.9810E-4
1.6625          -4.2629E-5
1.6625          -1.1315E-4
1.6625          -1.5921E-4
1.6625          -1.8177E-4
