0.0000          0.0038744
4.0002E-5       0.0060046
2.8295E-4       0.0067113
8.3213E-4       0.0076778
0.0018903       0.0090443
0.0041457       0.011114
0.0084061       0.013938
0.016927        0.018224
0.034971        0.025111
0.071059        0.035724
0.14323         0.051653
0.20763         0.062941
0.26169         0.071217
0.30148         0.076802
0.33188         0.080808
0.35798         0.084075
0.38014         0.086775
0.40230         0.089417
0.42485         0.092043
0.44829         0.094717
0.47174         0.097334
0.48986         0.099307
0.49551         0.099920
0.50035         0.10045
0.50518         0.10097
0.50968         0.10146
0.51403         0.10194
0.51839         0.10242
0.52352         0.10298
0.53311         0.10404
0.54669         0.10554
0.56353         0.10741
0.58160         0.10944
0.60030         0.11159
0.61617         0.11345
0.63231         0.11538
0.64656         0.11711
0.66101         0.11891
0.67657         0.12089
0.69231         0.12295
0.70670         0.12490
0.72177         0.12701
0.73563         0.12901
0.74878         0.13098
0.76177         0.13299
0.77473         0.13506
0.78758         0.13719
0.79985         0.13929
0.81172         0.14139
0.82423         0.14368
0.83760         0.14621
0.85145         0.14894
0.86550         0.15182
0.88025         0.15498
0.89491         0.15826
0.90866         0.16147
0.92340         0.16507
0.93661         0.16842
0.95084         0.17219
0.96403         0.17581
0.97683         0.17947
0.98965         0.18326
1.0021          0.18708
1.0148          0.19113
1.0268          0.19510
1.0383          0.19899
1.0492          0.20282
1.0594          0.20652
1.0702          0.21051
1.0816          0.21487
1.0920          0.21898
1.1021          0.22306
1.1124          0.22733
1.1231          0.23189
1.1330          0.23618
1.1408          0.23968
1.1482          0.24302
1.1551          0.24618
1.1610          0.24897
1.1670          0.25180
1.1724          0.25438
1.1772          0.25673
1.1816          0.25886
1.1859          0.26102
1.1901          0.26313
1.1937          0.26490
1.1971          0.26668
1.2013          0.26879
1.2047          0.27054
1.2091          0.27285
1.2130          0.27492
1.2174          0.27719
1.2213          0.27928
1.2252          0.28137
1.2291          0.28349
1.2330          0.28561
1.2365          0.28755
1.2405          0.28977
1.2448          0.29217
1.2488          0.29441
1.2525          0.29650
1.2561          0.29859
1.2600          0.30081
1.2641          0.30318
1.2678          0.30532
1.2714          0.30747
1.2751          0.30963
1.2788          0.31181
1.2824          0.31400
1.2860          0.31612
1.2898          0.31842
1.2936          0.32073
1.2974          0.32304
1.3012          0.32538
1.3050          0.32772
1.3088          0.33008
1.3121          0.33215
1.3153          0.33419
1.3186          0.33624
1.3218          0.33830
1.3251          0.34037
1.3283          0.34245
1.3314          0.34441
1.3352          0.34686
1.3384          0.34896
1.3414          0.35088
1.3439          0.35253
1.3465          0.35419
1.3496          0.35626
1.3527          0.35830
1.3558          0.36032
1.3591          0.36253
1.3611          0.36387
1.3640          0.36580
1.3670          0.36777
1.3698          0.36961
1.3725          0.37145
1.3753          0.37330
1.3780          0.37514
1.3808          0.37699
1.3835          0.37885
1.3863          0.38070
1.3890          0.38256
1.3918          0.38442
1.3945          0.38628
1.3973          0.38814
1.4000          0.39000
1.4028          0.39186
1.4056          0.39372
1.4083          0.39558
1.4111          0.39744
1.4138          0.39930
1.4166          0.40115
1.4193          0.40300
1.4221          0.40485
1.4248          0.40669
1.4276          0.40853
1.4301          0.41018
1.4323          0.41165
1.4345          0.41308
1.4365          0.41439
1.4384          0.41566
1.4402          0.41684
1.4420          0.41801
1.4438          0.41913
1.4452          0.42007
1.4467          0.42100
1.4482          0.42192
1.4496          0.42283
1.4510          0.42370
1.4523          0.42451
1.4536          0.42531
1.4550          0.42611
1.4564          0.42697
1.4574          0.42756
1.4588          0.42838
1.4601          0.42915
1.4615          0.42991
1.4630          0.43072
1.4645          0.43154
1.4660          0.43233
1.4675          0.43311
1.4681          0.43344
1.4687          0.43375
1.4693          0.43397
1.4700          0.43425
1.4708          0.43462
1.4717          0.43506
1.4725          0.43543
1.4734          0.43567
1.4743          0.43602
1.4752          0.43643
1.4761          0.43669
1.4771          0.43695
1.4781          0.43726
1.4791          0.43745
1.4802          0.43766
1.4812          0.43775
1.4821          0.43780
1.4831          0.43777
1.4839          0.43767
1.4847          0.43751
1.4854          0.43728
1.4860          0.43699
1.4865          0.43669
1.4870          0.43635
1.4874          0.43598
1.4878          0.43558
1.4881          0.43515
1.4885          0.43469
1.4888          0.43419
1.4891          0.43365
1.4893          0.43312
1.4896          0.43254
1.4898          0.43191
1.4901          0.43119
1.4904          0.43035
1.4907          0.42938
1.4910          0.42826
1.4914          0.42701
1.4917          0.42563
1.4921          0.42410
1.4924          0.42238
1.4928          0.42043
1.4932          0.41817
1.4936          0.41558
1.4940          0.41248
1.4944          0.40850
1.4948          0.40254
1.4949          0.40135
1.4949          0.40121
1.4949          0.40108
1.4950          0.39990
1.4952          0.39639
1.4956          0.38773
1.4961          0.36931
1.4966          0.33121
1.4969          0.26597
1.4971          0.16402
1.4972          0.078792
1.4974          0.049953
1.4977          0.034865
1.4977          0.029686
