0.0000          0.0050604
2.3464E-4       0.0067949
0.0017981       0.0095537
0.0057519       0.013640
0.015985        0.020780
0.043895        0.034881
0.092842        0.054949
0.11192         0.062051
0.12037         0.065114
0.14162         0.072644
0.15860         0.078514
0.17298         0.083409
0.19035         0.089247
0.20304         0.093455
0.21490         0.097361
0.23828         0.10497
0.25606         0.11069
0.26453         0.11341
0.27726         0.11752
0.28907         0.12132
0.31800         0.13065
0.33387         0.13576
0.34790         0.14028
0.36211         0.14489
0.37707         0.14981
0.39053         0.15428
0.40298         0.15847
0.41543         0.16272
0.42789         0.16703
0.44034         0.17140
0.45280         0.17586
0.46525         0.18039
0.47770         0.18503
0.49016         0.18977
0.50261         0.19463
0.51507         0.19962
0.52752         0.20475
0.53997         0.21004
0.55243         0.21549
0.56488         0.22111
0.57734         0.22691
0.58979         0.23290
0.61021         0.24317
0.62990         0.25363
0.64958         0.26466
0.66926         0.27630
0.68895         0.28857
0.70710         0.30046
0.72304         0.31138
0.73898         0.32275
0.75493         0.33457
0.77087         0.34685
0.78681         0.35960
0.80276         0.37280
0.81870         0.38645
0.83464         0.40053
0.85059         0.41502
0.86653         0.42990
0.88247         0.44510
0.89842         0.46057
0.91436         0.47622
0.93030         0.49189
0.94961         0.51059
0.97292         0.53128
0.97922         0.53518
0.98433         0.53650
0.98983         0.53336
0.99559         0.52191
1.0014          0.49679
1.0055          0.37025
1.0063          0.091986
1.0067          0.041270
