0.0000          0.026657
2.8257E-4       0.033216
0.0033434       0.051290
0.0092559       0.070104
0.028964        0.11660
0.079418        0.21033
0.14248         0.29902
0.21186         0.37747
0.31516         0.47756
0.39720         0.55206
0.40715         0.56113
0.44084         0.59206
0.49351         0.64156
0.54833         0.69515
0.60693         0.75550
0.67017         0.82496
0.73674         0.90416
0.81657         1.0079
0.91477         1.1492
1.0179          1.3135
1.1210          1.4758
1.1218          1.4757
1.1245          1.4786
1.1270          1.4806
1.1287          1.4819
1.1341          1.4847
1.1370          1.4850
1.1399          1.4849
1.1478          1.4793
1.1577          1.4593
1.1633          1.4355
1.1682          1.3949
1.1731          1.2843
1.1762          0.45571
1.1770          0.087708
1.1781          0.034572
