0.0000          0.0073274
3.4289E-4       0.010414
0.0022297       0.016020
0.0075297       0.026180
0.023029        0.047202
0.061071        0.081179
0.12405         0.12256
0.15018         0.13751
0.19344         0.16074
0.25752         0.19305
0.30500         0.21609
0.33641         0.23113
0.35727         0.24113
0.37365         0.24905
0.39004         0.25702
0.40642         0.26505
0.42281         0.27317
0.43919         0.28139
0.45558         0.28972
0.47196         0.29817
0.48835         0.30676
0.50474         0.31551
0.52112         0.32443
0.53751         0.33353
0.55389         0.34284
0.57028         0.35238
0.58666         0.36215
0.60305         0.37218
0.61943         0.38249
0.63582         0.39309
0.65220         0.40399
0.66859         0.41522
0.68497         0.42679
0.70136         0.43874
0.71775         0.45108
0.73413         0.46382
0.75052         0.47698
0.76690         0.49057
0.78329         0.50461
0.79967         0.51911
0.81606         0.53407
0.83244         0.54949
0.84883         0.56540
0.86521         0.58179
0.88160         0.59865
0.89798         0.61598
0.91437         0.63379
0.93076         0.65205
0.94714         0.67074
0.96353         0.68984
0.97991         0.70929
0.99630         0.72904
1.0127          0.74898
1.0291          0.76897
1.0443          0.78737
1.0565          0.80167
1.0706          0.81741
1.0757          0.82234
1.0764          0.82297
1.0786          0.82485
1.0800          0.82587
1.0816          0.82706
1.0821          0.82753
1.0826          0.82779
1.0829          0.82796
1.0840          0.82843
1.0847          0.82886
1.0850          0.82890
1.0854          0.82897
1.0858          0.82904
1.0868          0.82914
1.0892          0.82833
1.0931          0.82069
1.0972          0.80733
1.1041          0.77391
1.1092          0.68641
1.1108          0.36049
1.1113          0.058205
1.1119          0.018440
