0.0000          0.025755
3.4388E-4       0.035441
0.0040278       0.071653
0.011151        0.11010
0.032994        0.18675
0.086178        0.32393
0.16216         0.47894
0.23813         0.62294
0.33808         0.82273
0.43585         1.0446
0.53362         1.2994
0.63140         1.5876
0.72917         1.8964
0.79074         2.0067
0.79165         2.0024
0.79425         1.9885
0.79689         1.9743
0.80121         1.9488
0.80804         1.8884
0.81650         1.6930
0.81852         1.5121
0.81970         1.0770
0.82043         0.067880
0.82079         0.037121
0.82080         0.036792
0.82082         0.035918
0.82103         0.029136
0.82111         0.027271
0.82111         0.027166
0.82111         0.023981
