0.0000          0.0038699
1.7600E-4       0.0070116
0.0015584       0.010544
0.0052448       0.016433
0.015843        0.028914
0.040726        0.052185
0.066531        0.073544
0.079792        0.084104
0.095392        0.096337
0.11579         0.11217
0.13418         0.12640
0.15189         0.14017
0.17010         0.15450
0.18955         0.17006
0.20627         0.18374
0.22300         0.19775
0.23972         0.21214
0.25645         0.22698
0.27318         0.24229
0.28990         0.25814
0.30663         0.27456
0.32335         0.29160
0.34008         0.30928
0.35681         0.32765
0.37353         0.34673
0.39026         0.36654
0.40698         0.38712
0.42371         0.40846
0.44044         0.43060
0.45716         0.45350
0.47389         0.47716
0.49061         0.50155
0.50734         0.52660
0.52406         0.55221
0.54079         0.57820
0.55752         0.60431
0.57424         0.63001
0.59097         0.65270
0.59801         0.64310
0.60144         0.63173
0.60487         0.62040
0.60830         0.60757
0.61173         0.59140
0.61516         0.56909
0.61858         0.53121
0.62141         0.36734
0.62183         0.13310
0.62183         0.13233
0.62183         0.13228
0.62183         0.13227
0.62183         0.13229
