0.0000          0.0071635
2.8353E-4       0.011281
0.0022322       0.020955
0.0071516       0.034469
0.022894        0.065418
0.058313        0.11622
0.11660         0.18497
0.16390         0.23725
0.21062         0.28905
0.26450         0.35146
0.31840         0.41873
0.37049         0.48984
0.41766         0.56024
0.48815         0.67715
0.56426         0.81951
0.64037         0.97522
0.70079         1.0829
0.70556         1.0725
0.70668         1.0667
0.70789         1.0601
0.70905         1.0542
0.71114         1.0463
0.71326         1.0367
0.71678         1.0134
0.72088         0.97629
0.72485         0.91960
0.72754         0.81704
0.72813         0.75344
0.72889         0.44223
0.72923         0.078401
0.72963         0.032282
