0.0000          0.070257       0.90000
-0.037547       0.058774       0.90000
-0.038331       0.057472       0.90000
-0.044003       0.031915       0.90000
-0.042013       0.025000       0.90000
-0.037772       0.058221       0.90000
-0.010802       -0.032561      0.90000
0.0000          -0.045068      0.90000
-0.021683       -0.025000      0.90000
0.033037        0.069998       0.90000
0.046875        0.067891       0.90000
2.9756          -0.76963       0.90000
3.0000          -0.77728       0.90000
2.9531          -0.76236       0.90000
0.034697        -0.070847      0.90000
0.014891        -0.053466      0.90000
2.9667          -0.92398       0.90000
2.9531          -0.91968       0.90000
3.0000          -0.93475       0.90000
0.043853        -0.075787      0.90000
0.046875        -0.077882      0.90000
0.83741         -0.12712       0.90000
0.84375         -0.12892       0.90000
0.79688         -0.11605       0.90000
0.88522         -0.14032       0.90000
0.89063         -0.14186       0.90000
1.4983          -0.31584       0.90000
1.5000          -0.31634       0.90000
1.4531          -0.30256       0.90000
1.5450          -0.32961       0.90000
1.5469          -0.33017       0.90000
0.78947         -0.11396       0.90000
0.75000         -0.10326       0.90000
0.93292         -0.15357       0.90000
0.93750         -0.15488       0.90000
1.4516          -0.30211       0.90000
1.4063          -0.28883       0.90000
1.5916          -0.34341       0.90000
1.5938          -0.34405       0.90000
0.74141         -0.10086       0.90000
0.70313         -0.090551      0.90000
1.9166          -0.44088       0.90000
1.9219          -0.44245       0.90000
1.8750          -0.42827       0.90000
0.98052         -0.16686       0.90000
0.98438         -0.16798       0.90000
1.4048          -0.28841       0.90000
1.3594          -0.27515       0.90000
1.8703          -0.42687       0.90000
1.8281          -0.41412       0.90000
1.7311          -0.38500       0.90000
1.7344          -0.38596       0.90000
1.6875          -0.37195       0.90000
1.6847          -0.37111       0.90000
1.6406          -0.35798       0.90000
1.6382          -0.35725       0.90000
0.69321         -0.087801      0.90000
0.65625         -0.077926      0.90000
1.9629          -0.45492       0.90000
1.9688          -0.45667       0.90000
1.0280          -0.18020       0.90000
1.0313          -0.18114       0.90000
1.3580          -0.27475       0.90000
1.3125          -0.26154       0.90000
1.8239          -0.41288       0.90000
1.7813          -0.40002       0.90000
1.7776          -0.39893       0.90000
1.4635          -0.46451       0.90000
1.4531          -0.46132       0.90000
1.5000          -0.47496       0.90000
1.5112          -0.47838       0.90000
1.5469          -0.48868       0.90000
0.83186         -0.29093       0.90000
0.84375         -0.29397       0.90000
0.79688         -0.28172       0.90000
0.64488         -0.074792      0.90000
0.60938         -0.065386      0.90000
2.0091          -0.46899       0.90000
2.0156          -0.47092       0.90000
1.0754          -0.19359       0.90000
1.0781          -0.19438       0.90000
0.88148         -0.30398       0.90000
0.89063         -0.30634       0.90000
1.3111          -0.26112       0.90000
1.2656          -0.24798       0.90000
1.4158          -0.45070       0.90000
1.4063          -0.44777       0.90000
1.5587          -0.49230       0.90000
1.5938          -0.50246       0.90000
0.78201         -0.27797       0.90000
0.75000         -0.26959       0.90000
0.59641         -0.061833      0.90000
0.56250         -0.052933      0.90000
1.8901          -0.59086       0.90000
1.8750          -0.58622       0.90000
1.9219          -0.60033       0.90000
2.0554          -0.48308       0.90000
2.0625          -0.48521       0.90000
1.1227          -0.20701       0.90000
1.1250          -0.20768       0.90000
0.93090         -0.31710       0.90000
0.93750         -0.31882       0.90000
1.2641          -0.24753       0.90000
1.2188          -0.23449       0.90000
1.3680          -0.43697       0.90000
1.3594          -0.43432       0.90000
1.8429          -0.57668       0.90000
1.8281          -0.57215       0.90000
1.7010          -0.53433       0.90000
1.6875          -0.53019       0.90000
1.7344          -0.54413       0.90000
1.6536          -0.52029       0.90000
1.6406          -0.51630       0.90000
1.6062          -0.50627       0.90000
0.73193         -0.26511       0.90000
0.70313         -0.25762       0.90000
0.54779         -0.048923      0.90000
0.51563         -0.040569      0.90000
2.1015          -0.49720       0.90000
2.1094          -0.49954       0.90000
1.9373          -0.60507       0.90000
1.9688          -0.61447       0.90000
1.2171          -0.23399       0.90000
1.1719          -0.22105       0.90000
1.1699          -0.22048       0.90000
0.98013         -0.33031       0.90000
0.98438         -0.33143       0.90000
1.3201          -0.42331       0.90000
1.3125          -0.42098       0.90000
1.7957          -0.56254       0.90000
1.7813          -0.55812       0.90000
1.7484          -0.54842       0.90000
0.68155         -0.25237       0.90000
0.65625         -0.24583       0.90000
0.49902         -0.036062      0.90000
0.46875         -0.028300      0.90000
2.1477          -0.51135       0.90000
2.1563          -0.51389       0.90000
1.9845          -0.61930       0.90000
2.0156          -0.62866       0.90000
1.0292          -0.34359       0.90000
1.0313          -0.34415       0.90000
1.2721          -0.40976       0.90000
1.2656          -0.40779       0.90000
0.63082         -0.23977       0.90000
0.60938         -0.23425       0.90000
0.45009         -0.023250      0.90000
0.42188         -0.016126      0.90000
2.1938          -0.52551       0.90000
2.2031          -0.52828       0.90000
2.0316          -0.63355       0.90000
2.0625          -0.64287       0.90000
1.1250          -0.36934       0.90000
1.0810          -0.35779       0.90000
1.0780          -0.35696       0.90000
1.0781          -0.35699       0.90000
1.2239          -0.39633       0.90000
1.2188          -0.39476       0.90000
0.57963         -0.22735       0.90000
0.56250         -0.22297       0.90000
0.40099         -0.010488      0.90000
0.37500         -0.0040533     0.90000
2.2400          -0.53971       0.90000
2.2500          -0.54270       0.90000
2.0787          -0.64784       0.90000
2.1094          -0.65712       0.90000
1.1755          -0.38304       0.90000
1.1719          -0.38194       0.90000
1.1269          -0.36992       0.90000
0.52786         -0.21518       0.90000
0.51563         -0.21208       0.90000
0.35173         0.0022279      0.90000
0.32813         0.0079125      0.90000
2.2861          -0.55392       0.90000
2.2969          -0.55715       0.90000
2.1257          -0.66214       0.90000
2.1563          -0.67141       0.90000
0.47531         -0.20335       0.90000
0.46875         -0.20169       0.90000
0.30229         0.014896       0.90000
0.28125         0.019763       0.90000
2.3321          -0.56815       0.90000
2.3438          -0.57163       0.90000
2.1727          -0.67647       0.90000
2.2031          -0.68572       0.90000
0.42291         -0.19221       0.90000
0.25263         0.027499       0.90000
0.23438         0.031462       0.90000
2.3782          -0.58241       0.90000
2.3906          -0.58613       0.90000
2.2197          -0.69082       0.90000
2.2500          -0.70007       0.90000
0.42188         -0.19199       0.90000
0.20249         0.039934       0.90000
0.18750         0.042885       0.90000
2.4242          -0.59669       0.90000
2.4375          -0.60066       0.90000
2.2667          -0.70519       0.90000
2.2969          -0.71444       0.90000
0.42172         -0.19195       0.90000
0.37500         -0.18189       0.90000
0.15112         0.051901       0.90000
0.14063         0.053680       0.90000
2.4703          -0.61099       0.90000
2.4844          -0.61522       0.90000
2.3136          -0.71959       0.90000
2.3438          -0.72885       0.90000
0.36784         -0.18020       0.90000
0.32813         -0.17158       0.90000
0.096993        0.062796       0.90000
0.093750        0.063228       0.90000
2.5623          -0.63964       0.90000
2.5781          -0.64441       0.90000
2.5313          -0.62980       0.90000
2.5163          -0.62530       0.90000
2.6083          -0.65400       0.90000
2.6250          -0.65905       0.90000
2.3605          -0.73401       0.90000
2.3906          -0.74329       0.90000
0.31453         -0.16814       0.90000
0.28125         -0.16070       0.90000
0.082844        0.064714       0.90000
2.6542          -0.66837       0.90000
2.6719          -0.67371       0.90000
2.4074          -0.74845       0.90000
2.4375          -0.75776       0.90000
0.26252         -0.15548       0.90000
0.23438         -0.14886       0.90000
2.7921          -0.71163       0.90000
2.8125          -0.71788       0.90000
2.7656          -0.70312       0.90000
2.7461          -0.69719       0.90000
2.7188          -0.68840       0.90000
2.7002          -0.68277       0.90000
2.4542          -0.76291       0.90000
2.4844          -0.77227       0.90000
0.21261         -0.14193       0.90000
0.18750         -0.13551       0.90000
2.8380          -0.72609       0.90000
2.8594          -0.73266       0.90000
2.5478          -0.79190       0.90000
2.5313          -0.78680       0.90000
2.5781          -0.80138       0.90000
2.5010          -0.77739       0.90000
2.5945          -0.80644       0.90000
2.6250          -0.81599       0.90000
0.16551         -0.12723       0.90000
0.14063         -0.12011       0.90000
2.9298          -0.75509       0.90000
2.9063          -0.74749       0.90000
2.8839          -0.74057       0.90000
2.6412          -0.82101       0.90000
2.6719          -0.83065       0.90000
0.12188         -0.11120       0.90000
0.093750        -0.10161       0.90000
2.7811          -0.86489       0.90000
2.7656          -0.86010       0.90000
2.8125          -0.87490       0.90000
2.7345          -0.85023       0.90000
2.7188          -0.84535       0.90000
2.6879          -0.83560       0.90000
0.081006        -0.094157      0.90000
2.8276          -0.87959       0.90000
2.8594          -0.88976       0.90000
2.9204          -0.90913       0.90000
2.9063          -0.90468       0.90000
2.8740          -0.89433       0.90000
