-0.014893       -0.074436      0.90000
0.0000          -0.082006      0.90000
-0.046744       -0.060000      0.90000
-0.064519       -0.035164      0.90000
-0.050000       -0.057003      0.90000
-0.075102       -0.025000      0.90000
-0.046675       -0.057672      0.90000
0.026414        -0.092253      0.90000
0.044776        -0.10267       0.90000
0.0000          0.022177       0.90000
0.0022884       0.023928       0.90000
0.044776        0.025781       0.90000
2.9883          -1.3863        0.90000
2.9552          -1.3717        0.90000
3.0000          -1.3912        0.90000
2.9605          -1.2174        0.90000
3.0000          -1.2347        0.90000
2.9552          -1.2151        0.90000
0.83282         -0.47109       0.90000
0.80597         -0.45906       0.90000
0.85075         -0.47900       0.90000
0.92491         -0.51171       0.90000
0.89552         -0.49881       0.90000
0.94030         -0.51848       0.90000
0.87880         -0.49144       0.90000
1.0175          -0.55201       0.90000
0.98507         -0.53801       0.90000
1.0299          -0.55739       0.90000
0.97116         -0.53190       0.90000
1.1107          -0.59199       0.90000
1.0746          -0.57664       0.90000
1.1194          -0.59575       0.90000
1.0641          -0.57204       0.90000
1.1575          -0.61187       0.90000
1.1642          -0.61476       0.90000
0.78697         -0.45067       0.90000
0.76119         -0.43900       0.90000
0.74124         -0.43019       0.90000
0.71642         -0.41884       0.90000
0.60450         -0.36845       0.90000
0.58209         -0.35801       0.90000
0.62687         -0.37832       0.90000
0.69559         -0.40964       0.90000
0.67164         -0.39861       0.90000
0.65002         -0.38906       0.90000
0.24162         -0.20281       0.90000
0.22388         -0.19447       0.90000
0.26866         -0.21526       0.90000
0.28664         -0.22371       0.90000
0.31343         -0.23583       0.90000
1.2514          -0.65147       0.90000
1.2090          -0.63366       0.90000
1.2537          -0.65247       0.90000
1.2044          -0.63170       0.90000
1.2985          -0.67119       0.90000
1.2985          -0.67121       0.90000
0.19697         -0.18168       0.90000
0.17910         -0.17328       0.90000
0.37721         -0.26521       0.90000
0.35821         -0.25629       0.90000
0.40299         -0.27667       0.90000
0.33187         -0.24450       0.90000
0.42263         -0.28588       0.90000
0.44776         -0.29701       0.90000
0.55901         -0.34782       0.90000
0.53731         -0.33768       0.90000
1.2993          -0.67154       0.90000
0.15295         -0.16016       0.90000
0.13433         -0.15141       0.90000
0.51354         -0.32718       0.90000
0.49254         -0.31735       0.90000
0.46807         -0.30654       0.90000
1.3433          -0.68856       0.90000
0.11018         -0.13789       0.90000
0.089552        -0.12865       0.90000
0.81183         -0.30388       0.90000
0.85075         -0.32027       0.90000
0.80597         -0.30143       0.90000
0.90573         -0.34340       0.90000
0.94030         -0.35805       0.90000
0.89552         -0.33914       0.90000
0.85880         -0.32363       0.90000
0.99951         -0.38298       0.90000
1.0299          -0.39597       0.90000
0.98507         -0.37699       0.90000
0.95264         -0.36318       0.90000
0.62209         -0.22587       0.90000
0.62687         -0.22807       0.90000
0.58209         -0.20998       0.90000
0.67164         -0.24568       0.90000
0.68926         -0.25247       0.90000
0.67019         -0.24501       0.90000
0.25192         -0.064711      0.90000
0.26866         -0.072690      0.90000
0.22388         -0.051722      0.90000
0.29680         -0.085612      0.90000
0.31343         -0.093399      0.90000
1.0932          -0.42263       0.90000
1.1194          -0.43400       0.90000
1.0746          -0.41498       0.90000
1.0463          -0.40280       0.90000
1.1399          -0.44247       0.90000
1.1642          -0.45304       0.90000
1.3474          -0.69047       0.90000
1.3881          -0.70643       0.90000
0.067893        -0.11532       0.90000
0.20738         -0.043632      0.90000
0.17910         -0.030745      0.90000
0.76483         -0.28414       0.90000
0.76119         -0.28262       0.90000
0.71780         -0.26442       0.90000
0.71642         -0.26384       0.90000
0.38779         -0.12675       0.90000
0.40299         -0.13374       0.90000
0.35821         -0.11376       0.90000
0.34209         -0.10629       0.90000
0.43388         -0.14699       0.90000
0.44776         -0.15336       0.90000
0.57445         -0.20647       0.90000
0.53731         -0.19148       0.90000
1.2335          -0.48215       0.90000
1.2537          -0.49108       0.90000
1.2090          -0.47207       0.90000
1.1867          -0.46231       0.90000
1.4437          -0.72968       0.90000
1.4776          -0.74333       0.90000
1.4328          -0.72472       0.90000
1.3958          -0.70998       0.90000
1.2803          -0.50196       0.90000
1.2985          -0.51005       0.90000
1.4912          -0.74951       0.90000
1.5224          -0.76219       0.90000
1.8656          -0.91015       0.90000
1.8806          -0.91650       0.90000
1.8358          -0.89714       0.90000
1.8190          -0.89003       0.90000
1.7910          -0.87776       0.90000
1.7724          -0.86990       0.90000
1.7463          -0.85837       0.90000
1.7258          -0.84977       0.90000
1.7015          -0.83900       0.90000
0.16290         -0.022515      0.90000
0.13433         -0.010273      0.90000
0.52722         -0.18685       0.90000
0.49254         -0.17260       0.90000
0.48037         -0.16702       0.90000
1.3272          -0.52175       0.90000
1.3433          -0.52894       0.90000
1.5385          -0.76945       0.90000
1.5672          -0.78122       0.90000
2.1456          -1.0304        0.90000
2.1493          -1.0320        0.90000
2.1045          -1.0128        0.90000
2.0055          -0.97039       0.90000
2.0149          -0.97441       0.90000
1.9701          -0.95514       0.90000
1.9588          -0.95033       0.90000
1.9254          -0.93584       0.90000
1.9122          -0.93025       0.90000
1.6791          -0.82964       0.90000
1.6567          -0.81967       0.90000
2.1940          -1.0510        0.90000
2.2315          -1.0670        0.90000
2.1923          -1.0503        0.90000
0.11795         -0.0016550     0.90000
0.089552        0.0089476      0.90000
1.6323          -0.80954       0.90000
1.6119          -0.80040       0.90000
1.5855          -0.78947       0.90000
1.3742          -0.54149       0.90000
1.3881          -0.54774       0.90000
2.0989          -1.0104        0.90000
2.0597          -0.99363       0.90000
2.0521          -0.99042       0.90000
2.2388          -1.0697        0.90000
2.2394          -1.0700        0.90000
2.2836          -1.0869        0.90000
0.071164        0.018219       0.90000
1.4684          -0.58077       0.90000
1.4776          -0.58493       0.90000
1.4328          -0.56642       0.90000
1.4212          -0.56117       0.90000
1.5158          -0.60026       0.90000
1.5224          -0.60324       0.90000
2.3358          -1.1079        0.90000
2.3284          -1.1045        0.90000
2.3731          -1.1225        0.90000
2.2878          -1.0888        0.90000
2.3834          -1.1272        0.90000
2.4179          -1.1408        0.90000
2.5246          -1.1859        0.90000
2.5075          -1.1782        0.90000
2.5522          -1.1971        0.90000
2.6179          -1.2257        0.90000
2.5970          -1.2162        0.90000
2.6418          -1.2355        0.90000
2.5714          -1.2058        0.90000
2.6644          -1.2456        0.90000
2.6866          -1.2548        0.90000
1.5635          -0.61963       0.90000
1.5672          -0.62132       0.90000
1.8442          -0.73852       0.90000
1.8806          -0.75428       0.90000
1.8358          -0.73494       0.90000
1.7978          -0.71852       0.90000
1.7910          -0.71564       0.90000
1.7513          -0.69853       0.90000
1.7463          -0.69638       0.90000
1.7048          -0.67856       0.90000
1.7015          -0.67716       0.90000
2.4778          -1.1662        0.90000
2.4627          -1.1594        0.90000
2.4307          -1.1466        0.90000
2.7108          -1.2656        0.90000
2.7313          -1.2742        0.90000
2.8497          -1.3259        0.90000
2.8209          -1.3131        0.90000
2.8657          -1.3326        0.90000
2.8959          -1.3460        0.90000
2.9104          -1.3521        0.90000
1.6119          -0.63910       0.90000
1.6199          -0.64222       0.90000
1.6114          -0.63884       0.90000
2.1223          -0.85887       0.90000
2.1493          -0.87080       0.90000
2.1045          -0.85134       0.90000
1.9833          -0.79865       0.90000
2.0149          -0.81245       0.90000
1.9701          -0.79303       0.90000
1.9370          -0.77859       0.90000
1.9254          -0.77364       0.90000
1.8906          -0.75855       0.90000
1.6582          -0.65862       0.90000
1.6567          -0.65798       0.90000
2.2148          -0.89904       0.90000
2.2388          -0.90971       0.90000
2.1940          -0.89026       0.90000
2.1685          -0.87896       0.90000
2.2611          -0.91911       0.90000
2.2836          -0.92913       0.90000
2.8034          -1.3058        0.90000
2.7761          -1.2936        0.90000
2.7572          -1.2857        0.90000
2.9421          -1.3661        0.90000
2.0760          -0.83879       0.90000
2.0597          -0.83189       0.90000
2.0297          -0.81871       0.90000
2.3538          -0.95920       0.90000
2.3731          -0.96787       0.90000
2.3284          -0.94853       0.90000
2.3075          -0.93917       0.90000
2.4003          -0.97920       0.90000
2.4179          -0.98716       0.90000
2.5400          -1.0389        0.90000
2.5522          -1.0445        0.90000
2.5075          -1.0255        0.90000
2.6337          -1.0785        0.90000
2.6418          -1.0821        0.90000
2.5970          -1.0634        0.90000
2.5868          -1.0587        0.90000
2.6808          -1.0981        0.90000
2.6866          -1.1007        0.90000
2.4933          -1.0191        0.90000
2.4627          -1.0064        0.90000
2.4468          -0.99917       0.90000
2.7280          -1.1176        0.90000
2.7313          -1.1191        0.90000
2.7761          -1.1373        0.90000
2.7869          -1.1417        0.90000
2.7755          -1.1370        0.90000
2.8220          -1.1570        0.90000
2.8657          -1.1760        0.90000
2.8209          -1.1565        0.90000
2.8682          -1.1771        0.90000
2.9104          -1.1955        0.90000
2.9143          -1.1972        0.90000
