-0.0040964      -0.025000      0.90000
-0.0036697      -0.028386      0.90000
0.0000          -0.033797      0.90000
0.0000          0.089759       0.90000
-5.4549E-4      0.089353       0.90000
-0.017007       0.072812       0.90000
-0.037618       0.059741       0.90000
-0.037680       0.058623       0.90000
-0.024569       0.025000       0.90000
0.0029644       0.089878       0.90000
0.051724        0.086830       0.90000
2.9755          -1.4255        0.90000
2.9515          -1.4105        0.90000
2.9483          -1.4083        0.90000
2.9944          -1.4406        0.90000
3.0000          -1.4437        0.90000
0.044216        -0.075785      0.90000
0.031515        -0.051377      0.90000
0.047894        -0.079740      0.90000
0.051724        -0.085462      0.90000
2.9740          -1.5708        0.90000
3.0000          -1.5893        0.90000
2.9483          -1.5556        0.90000
1.3948          -0.51128       0.90000
1.3463          -0.48913       0.90000
1.3448          -0.48845       0.90000
1.9332          -0.77372       0.90000
1.9655          -0.79156       0.90000
1.9138          -0.76322       0.90000
1.9794          -0.79922       0.90000
2.0172          -0.82051       0.90000
1.2959          -0.46629       0.90000
1.2931          -0.46497       0.90000
1.3965          -0.51204       0.90000
1.3966          -0.51206       0.90000
1.4466          -0.53503       0.90000
1.4483          -0.53579       0.90000
1.4965          -0.55810       0.90000
1.5000          -0.55965       0.90000
1.8866          -0.74854       0.90000
1.8621          -0.73560       0.90000
1.5463          -0.58126       0.90000
1.5517          -0.58368       0.90000
2.0252          -0.82499       0.90000
2.0690          -0.84995       0.90000
1.2455          -0.44352       0.90000
1.2414          -0.44163       0.90000
1.8395          -0.72374       0.90000
1.8103          -0.70877       0.90000
1.5959          -0.60453       0.90000
1.6034          -0.60790       0.90000
2.0836          -0.85839       0.90000
2.0708          -0.85098       0.90000
1.1949          -0.42082       0.90000
1.1897          -0.41841       0.90000
1.6454          -0.62791       0.90000
1.6552          -0.63240       0.90000
1.7918          -0.69931       0.90000
1.7586          -0.68269       0.90000
2.1142          -0.87815       0.90000
2.1207          -0.88160       0.90000
1.1443          -0.39817       0.90000
1.1379          -0.39528       0.90000
1.6946          -0.65147       0.90000
1.7069          -0.65728       0.90000
1.7434          -0.67524       0.90000
1.9182          -0.97185       0.90000
1.9655          -0.99849       0.90000
1.9138          -0.96963       0.90000
1.9682          -0.99997       0.90000
1.9657          -0.99860       0.90000
2.1580          -0.90527       0.90000
2.1724          -0.91319       0.90000
0.84028         -0.26271       0.90000
0.87931         -0.28005       0.90000
0.82759         -0.25698       0.90000
0.89087         -0.28527       0.90000
0.93103         -0.30311       0.90000
0.94149         -0.30783       0.90000
0.98276         -0.32615       0.90000
1.0936          -0.37556       0.90000
1.0862          -0.37222       0.90000
1.3331          -0.65243       0.90000
1.2967          -0.63252       0.90000
1.2931          -0.63062       0.90000
1.3911          -0.68423       0.90000
1.3966          -0.68715       0.90000
1.3448          -0.65886       0.90000
0.78976         -0.24016       0.90000
0.77586         -0.23387       0.90000
1.4387          -0.71012       0.90000
1.4483          -0.71528       0.90000
1.4865          -0.73603       0.90000
1.5000          -0.74338       0.90000
1.8704          -0.94527       0.90000
1.8621          -0.94101       0.90000
1.5343          -0.76199       0.90000
1.5517          -0.77151       0.90000
2.0143          -1.0249        0.90000
2.0172          -1.0265        0.90000
2.2025          -0.93211       0.90000
2.2241          -0.94426       0.90000
0.99215         -0.33040       0.90000
1.0345          -0.34919       0.90000
1.0429          -0.35298       0.90000
1.2491          -0.60699       0.90000
1.2414          -0.60279       0.90000
1.3438          -0.65832       0.90000
0.68899         -0.19502       0.90000
0.72414         -0.21071       0.90000
0.67241         -0.18748       0.90000
0.73932         -0.21759       0.90000
0.58875         -0.14982       0.90000
0.62069         -0.16417       0.90000
0.56897         -0.14078       0.90000
0.63880         -0.17243       0.90000
0.53885         -0.12720       0.90000
0.51724         -0.11734       0.90000
1.8224          -0.91884       0.90000
1.8103          -0.91257       0.90000
1.5822          -0.78800       0.90000
1.6034          -0.79967       0.90000
2.2474          -0.95885       0.90000
2.2759          -0.97516       0.90000
2.0631          -1.0511        0.90000
2.0690          -1.0544        0.90000
1.2012          -0.58168       0.90000
1.1897          -0.57535       0.90000
0.48900         -0.10459       0.90000
0.46552         -0.093960      0.90000
1.6302          -0.81406       0.90000
1.6552          -0.82786       0.90000
1.7744          -0.89254       0.90000
1.7586          -0.88427       0.90000
2.2925          -0.98560       0.90000
2.3276          -1.0061        0.90000
2.1120          -1.0774        0.90000
2.1207          -1.0822        0.90000
1.1529          -0.55653       0.90000
1.1379          -0.54838       0.90000
0.43904         -0.082052      0.90000
0.41379         -0.070734      0.90000
1.6782          -0.84017       0.90000
1.7069          -0.85605       0.90000
1.7263          -0.86632       0.90000
2.3377          -1.0124        0.90000
2.3793          -1.0371        0.90000
2.1610          -1.1037        0.90000
2.1724          -1.1100        0.90000
0.85264         -0.40942       0.90000
0.87931         -0.42188       0.90000
0.82759         -0.39771       0.90000
0.90401         -0.43356       0.90000
0.93103         -0.44629       0.90000
0.95497         -0.45780       0.90000
0.98276         -0.47103       0.90000
1.1043          -0.53154       0.90000
1.0862          -0.52200       0.90000
0.80095         -0.38535       0.90000
0.77586         -0.37372       0.90000
0.38889         -0.059594      0.90000
0.36207         -0.047654      0.90000
2.4069          -1.0538        0.90000
2.3829          -1.0394        0.90000
2.2100          -1.1300        0.90000
2.2241          -1.1379        0.90000
1.0054          -0.48218       0.90000
1.0345          -0.49622       0.90000
1.0551          -0.50676       0.90000
0.69686         -0.33733       0.90000
0.72414         -0.34987       0.90000
0.67241         -0.32613       0.90000
0.74901         -0.36132       0.90000
0.59203         -0.28939       0.90000
0.62069         -0.30246       0.90000
0.56897         -0.27888       0.90000
0.64454         -0.31336       0.90000
0.53927         -0.26545       0.90000
0.51724         -0.25544       0.90000
0.33863         -0.037190      0.90000
0.31034         -0.024540      0.90000
2.4259          -1.0675        0.90000
2.4310          -1.0704        0.90000
2.2590          -1.1563        0.90000
2.2759          -1.1658        0.90000
0.48597         -0.24155       0.90000
0.46552         -0.23232       0.90000
0.28858         -0.014761      0.90000
0.25862         -0.0012567     0.90000
2.4678          -1.0963        0.90000
2.4828          -1.1051        0.90000
2.3080          -1.1827        0.90000
2.3276          -1.1938        0.90000
0.43158         -0.21774       0.90000
0.41379         -0.20985       0.90000
0.23858         0.0076505      0.90000
0.20690         0.021991       0.90000
2.5109          -1.1246        0.90000
2.5345          -1.1386        0.90000
2.3570          -1.2093        0.90000
2.3793          -1.2219        0.90000
0.37553         -0.19403       0.90000
0.36207         -0.18829       0.90000
0.18833         0.029975       0.90000
0.15517         0.045641       0.90000
2.5548          -1.1526        0.90000
2.5862          -1.1715        0.90000
2.4058          -1.2359        0.90000
2.4310          -1.2503        0.90000
0.31967         -0.17022       0.90000
0.31034         -0.16645       0.90000
0.13973         0.052632       0.90000
0.10345         0.070019       0.90000
2.5994          -1.1804        0.90000
2.6379          -1.2039        0.90000
2.4545          -1.2626        0.90000
2.4828          -1.2790        0.90000
0.26985         -0.14582       0.90000
0.25862         -0.14118       0.90000
0.092193        0.075454       0.90000
2.6877          -1.2349        0.90000
2.6443          -1.2081        0.90000
2.5029          -1.2896        0.90000
2.5345          -1.3081        0.90000
0.21737         -0.12166       0.90000
0.20690         -0.11649       0.90000
2.6892          -1.2360        0.90000
2.6897          -1.2363        0.90000
2.5510          -1.3168        0.90000
2.5862          -1.3378        0.90000
0.17193         -0.10592       0.90000
2.7298          -1.2666        0.90000
2.7414          -1.2734        0.90000
2.5987          -1.3443        0.90000
2.6379          -1.3683        0.90000
0.15517         -0.10183       0.90000
2.7722          -1.2962        0.90000
2.7931          -1.3086        0.90000
2.6457          -1.3723        0.90000
2.6897          -1.4000        0.90000
0.12146         -0.10208       0.90000
0.10345         -0.10057       0.90000
2.8160          -1.3252        0.90000
2.8448          -1.3425        0.90000
2.7053          -1.4099        0.90000
2.6917          -1.4010        0.90000
0.095987        -0.10065       0.90000
2.8607          -1.3538        0.90000
2.8966          -1.3756        0.90000
2.9059          -1.3822        0.90000
2.7387          -1.4291        0.90000
2.7414          -1.4307        0.90000
2.7865          -1.4568        0.90000
2.7931          -1.4609        0.90000
2.8340          -1.4848        0.90000
2.8448          -1.4917        0.90000
2.8812          -1.5130        0.90000
2.8966          -1.5232        0.90000
2.9279          -1.5416        0.90000
