2.1202          -1.5972        0.90000
2.0920          -1.5770        0.90000
2.1322          -1.6070        0.90000
2.1571          -1.6247        0.90000
2.1723          -1.6374        0.90000
2.0831          -1.5699        0.90000
2.0519          -1.5472        0.90000
2.0461          -1.5426        0.90000
2.0118          -1.5175        0.90000
1.9750          -1.4903        0.90000
2.0090          -1.5153        0.90000
2.1935          -1.6522        0.90000
2.2120          -1.6680        0.90000
2.2289          -1.6796        0.90000
2.2512          -1.6991        0.90000
2.9855          -2.2733        0.90000
2.9950          -2.2791        0.90000
3.0000          -2.2838        0.90000
2.2631          -1.7071        0.90000
2.2896          -1.7307        0.90000
2.9545          -2.2358        0.90000
2.9260          -2.2239        0.90000
2.2959          -1.7350        0.90000
2.3274          -1.7632        0.90000
2.3297          -1.7652        0.90000
2.3278          -1.7635        0.90000
-0.0067325      -0.060000      0.90000
0.0000          -0.069951      0.90000
-0.042456       0.061791       0.90000
-0.028501       0.025000       0.90000
-0.042500       0.073557       0.90000
0.0000          0.088363       0.90000
-0.016980       0.085360       0.90000
-0.013762       -0.034634      0.90000
-0.019343       -0.025000      0.90000
1.9721          -1.4879        0.90000
1.9714          -1.4875        0.90000
1.9363          -1.4595        0.90000
1.9286          -1.4541        0.90000
1.8998          -1.4314        0.90000
1.8857          -1.4215        0.90000
1.8628          -1.4036        0.90000
1.8429          -1.3894        0.90000
1.7036          -1.2865        0.90000
1.7130          -1.2934        0.90000
1.7143          -1.2944        0.90000
1.7505          -1.3209        0.90000
1.7571          -1.3259        0.90000
1.8255          -1.3760        0.90000
1.8000          -1.3576        0.90000
1.7881          -1.3484        0.90000
2.9422          -2.0186        0.90000
2.9143          -1.9927        0.90000
2.9571          -2.0294        0.90000
2.8934          -1.9743        0.90000
2.9090          -1.9890        0.90000
2.9770          -2.0474        0.90000
3.0000          -2.0651        0.90000
0.024709        -0.094840      0.90000
0.042857        -0.11639       0.90000
0.022672        0.080690       0.90000
0.042857        0.067330       0.90000
2.7645          -2.1039        0.90000
2.7663          -2.1053        0.90000
2.7326          -2.0797        0.90000
2.8080          -2.1369        0.90000
2.8127          -2.1406        0.90000
2.5113          -1.9002        0.90000
2.5258          -1.9124        0.90000
2.4861          -1.8823        0.90000
2.4008          -1.8179        0.90000
2.4066          -1.8226        0.90000
2.3669          -1.7930        0.90000
2.3640          -1.7906        0.90000
2.5478          -1.9279        0.90000
2.5654          -1.9429        0.90000
2.6542          -2.0127        0.90000
2.6442          -2.0057        0.90000
2.6835          -2.0384        0.90000
2.6889          -2.0422        0.90000
2.7235          -2.0721        0.90000
2.7244          -2.0727        0.90000
2.9049          -2.2036        0.90000
2.8653          -2.1796        0.90000
2.8545          -2.1709        0.90000
2.4377          -1.8453        0.90000
2.4464          -1.8524        0.90000
2.4745          -1.8727        0.90000
2.5838          -1.9558        0.90000
2.6049          -1.9740        0.90000
2.6194          -1.9841        0.90000
0.48588         -0.39062       0.90000
0.51130         -0.40873       0.90000
0.51429         -0.41076       0.90000
0.43400         -0.35440       0.90000
0.42857         -0.35061       0.90000
0.47143         -0.38035       0.90000
0.54962         -0.43607       0.90000
0.55714         -0.44125       0.90000
0.47299         -0.38139       0.90000
0.39448         -0.32769       0.90000
0.38571         -0.32145       0.90000
0.58812         -0.46331       0.90000
0.60000         -0.47162       0.90000
0.35468         -0.30114       0.90000
0.34286         -0.29289       0.90000
0.62665         -0.49052       0.90000
0.64286         -0.50198       0.90000
0.46760         -0.20472       0.90000
0.47143         -0.20694       0.90000
0.42857         -0.18228       0.90000
0.31456         -0.27475       0.90000
0.30000         -0.26509       0.90000
0.66510         -0.51777       0.90000
0.68571         -0.53250       0.90000
0.51011         -0.22970       0.90000
0.51429         -0.23212       0.90000
0.42460         -0.17998       0.90000
0.38571         -0.15820       0.90000
0.27382         -0.24869       0.90000
0.25714         -0.23822       0.90000
0.70342         -0.54508       0.90000
0.72857         -0.56328       0.90000
0.55221         -0.25487       0.90000
0.55714         -0.25773       0.90000
0.89219         -0.68306       0.90000
0.85714         -0.65751       0.90000
0.90000         -0.68876       0.90000
0.93007         -0.71057       0.90000
0.94286         -0.72000       0.90000
0.38105         -0.15550       0.90000
0.34286         -0.13462       0.90000
0.23174         -0.22336       0.90000
0.21429         -0.21276       0.90000
0.83372         -0.64044       0.90000
0.85437         -0.65551       0.90000
0.74158         -0.57247       0.90000
0.77143         -0.59437       0.90000
0.59401         -0.28019       0.90000
0.60000         -0.28367       0.90000
0.96797         -0.73807       0.90000
0.98571         -0.75127       0.90000
1.6767          -1.2651        0.90000
1.6714          -1.2615        0.90000
0.33702         -0.13124       0.90000
0.30000         -0.11094       0.90000
0.18683         -0.19956       0.90000
0.17143         -0.19037       0.90000
0.81698         -0.62772       0.90000
0.81429         -0.62590       0.90000
0.77950         -0.59998       0.90000
0.63559         -0.30560       0.90000
0.64286         -0.30983       0.90000
1.0058          -0.76559       0.90000
1.0286          -0.78267       0.90000
1.1372          -0.86404       0.90000
1.1547          -0.87688       0.90000
1.1571          -0.87869       0.90000
2.1190          -1.3655        0.90000
2.1000          -1.3499        0.90000
2.1429          -1.3825        0.90000
1.6403          -1.2370        0.90000
1.6286          -1.2288        0.90000
2.1562          -1.3933        0.90000
2.1857          -1.4147        0.90000
0.13918         -0.17726       0.90000
0.12857         -0.17300       0.90000
0.29309         -0.10694       0.90000
0.25714         -0.085361      0.90000
0.67703         -0.33109       0.90000
0.68571         -0.33615       0.90000
1.0809          -0.82092       0.90000
1.0714          -0.81435       0.90000
1.1143          -0.84653       0.90000
1.0435          -0.79319       0.90000
1.1924          -0.90445       0.90000
1.2000          -0.91014       0.90000
1.1178          -0.84891       0.90000
1.6032          -1.2092        0.90000
1.5857          -1.1967        0.90000
2.0823          -1.3375        0.90000
2.0571          -1.3166        0.90000
2.0463          -1.3091        0.90000
2.0143          -1.2820        0.90000
2.0004          -1.2705        0.90000
2.0114          -1.2801        0.90000
2.2470          -1.4605        0.90000
2.2662          -1.4773        0.90000
2.2714          -1.4809        0.90000
2.1935          -1.4210        0.90000
2.2286          -1.4467        0.90000
2.7318          -1.8465        0.90000
2.7000          -1.8177        0.90000
2.7429          -1.8542        0.90000
2.8023          -1.9037        0.90000
2.7857          -1.8892        0.90000
2.8286          -1.9232        0.90000
2.7666          -1.8753        0.90000
2.8385          -1.9318        0.90000
2.8714          -1.9569        0.90000
0.095104        -0.15302       0.90000
0.085714        -0.15094       0.90000
0.25096         -0.081781      0.90000
0.21429         -0.054991      0.90000
0.71837         -0.35663       0.90000
0.72857         -0.36261       0.90000
1.2301          -0.93201       0.90000
1.2429          -0.94162       0.90000
1.5659          -1.1815        0.90000
1.5429          -1.1650        0.90000
1.5284          -1.1539        0.90000
1.5000          -1.1334        0.90000
1.4908          -1.1264        0.90000
1.4571          -1.1019        0.90000
1.9749          -1.2519        0.90000
1.9714          -1.2492        0.90000
2.5528          -1.7046        0.90000
2.5286          -1.6836        0.90000
2.5714          -1.7179        0.90000
2.3010          -1.5063        0.90000
2.3143          -1.5157        0.90000
2.2310          -1.4486        0.90000
2.6944          -1.8129        0.90000
2.6987          -1.8168        0.90000
2.5889          -1.7329        0.90000
2.6143          -1.7514        0.90000
2.8749          -1.9598        0.90000
0.059244        -0.12430       0.90000
0.21339         -0.054471      0.90000
0.21062         -0.051928      0.90000
0.75963         -0.38221       0.90000
0.77143         -0.38926       0.90000
0.88157         -0.45983       0.90000
0.90000         -0.47249       0.90000
0.85714         -0.44394       0.90000
0.92084         -0.48636       0.90000
0.94286         -0.50206       0.90000
1.4246          -1.0779        0.90000
1.4531          -1.0988        0.90000
1.2678          -0.95958       0.90000
1.2857          -0.97319       0.90000
1.9372          -1.2244        0.90000
1.9286          -1.2176        0.90000
1.8995          -1.1968        0.90000
1.8857          -1.1860        0.90000
1.8619          -1.1692        0.90000
1.8429          -1.1542        0.90000
1.7297          -1.0662        0.90000
1.7519          -1.0848        0.90000
1.7571          -1.0883        0.90000
2.5177          -1.6759        0.90000
2.4857          -1.6477        0.90000
2.4777          -1.6409        0.90000
2.4839          -1.6465        0.90000
2.4103          -1.5906        0.90000
2.4000          -1.5821        0.90000
2.4429          -1.6146        0.90000
2.3734          -1.5628        0.90000
2.3571          -1.5492        0.90000
2.3368          -1.5347        0.90000
2.6623          -1.7887        0.90000
2.6571          -1.7844        0.90000
2.6254          -1.7609        0.90000
0.18021         -0.025082      0.90000
0.17143         -0.018168      0.90000
0.84149         -0.43368       0.90000
0.81429         -0.41628       0.90000
0.80075         -0.40785       0.90000
0.95930         -0.51329       0.90000
0.98571         -0.53262       0.90000
1.4160          -1.0710        0.90000
1.4143          -1.0699        0.90000
1.3796          -1.0428        0.90000
1.3714          -1.0371        0.90000
1.3427          -1.0149        0.90000
1.3286          -1.0050        0.90000
1.3053          -0.98719       0.90000
1.8245          -1.1415        0.90000
1.8000          -1.1217        0.90000
1.7878          -1.1134        0.90000
1.6787          -1.0295        0.90000
1.7143          -1.0550        0.90000
1.6714          -1.0242        0.90000
1.7163          -1.0564        0.90000
2.4475          -1.6184        0.90000
0.14688         0.0042254      0.90000
0.12857         0.017397       0.90000
1.1073          -0.62437       0.90000
1.0714          -0.59627       0.90000
1.1143          -0.62860       0.90000
1.0684          -0.59392       0.90000
1.0709          -0.59595       0.90000
0.99705         -0.54056       0.90000
1.0286          -0.56407       0.90000
1.1453          -0.65187       0.90000
1.1571          -0.65924       0.90000
1.6410          -1.0026        0.90000
1.6286          -0.99350       0.90000
0.11193         0.032763       0.90000
0.085714        0.047575       0.90000
1.0342          -0.56811       0.90000
1.1842          -0.67888       0.90000
1.2000          -0.68906       0.90000
1.6032          -0.97584       0.90000
1.5857          -0.96293       0.90000
0.068816        0.057440       0.90000
1.2234          -0.70570       0.90000
1.2429          -0.71856       0.90000
1.5655          -0.94907       0.90000
1.5429          -0.93226       0.90000
1.5280          -0.92225       0.90000
1.5000          -0.90121       0.90000
1.4910          -0.89528       0.90000
1.4571          -0.86935       0.90000
1.4550          -0.86799       0.90000
1.4454          -0.86043       0.90000
1.2626          -0.73247       0.90000
1.2857          -0.74806       0.90000
1.4177          -0.84057       0.90000
1.4143          -0.83813       0.90000
1.3794          -0.81335       0.90000
1.3714          -0.80776       0.90000
1.3407          -0.78626       0.90000
1.3286          -0.77776       0.90000
1.3018          -0.75931       0.90000
