-0.016892       -0.036824      0.90000
0.0000          -0.059457      0.90000
-0.035270       -0.025000      0.90000
2.9821          -1.0926        0.90000
3.0000          -1.0997        0.90000
2.9552          -1.0818        0.90000
0.044776        0.0089313      0.90000
0.040003        0.0089843      0.90000
0.0000          0.014259       0.90000
2.9837          -1.2344        0.90000
3.0000          -1.2409        0.90000
2.9552          -1.2230        0.90000
0.0029190       -0.061225      0.90000
6.1486E-4       -0.059775      0.90000
0.040466        -0.080088      0.90000
0.044776        -0.083277      0.90000
1.6414          -0.56465       0.90000
1.6567          -0.57064       0.90000
1.6119          -0.55337       0.90000
1.5963          -0.54727       0.90000
1.5672          -0.53613       0.90000
1.7765          -0.61690       0.90000
1.7910          -0.62262       0.90000
1.7463          -0.60527       0.90000
1.8214          -0.63434       0.90000
1.8358          -0.64001       0.90000
1.7315          -0.59947       0.90000
1.7015          -0.58794       0.90000
1.6865          -0.58205       0.90000
1.5512          -0.52991       0.90000
1.5224          -0.51893       0.90000
1.8663          -0.65180       0.90000
1.8806          -0.65742       0.90000
1.4155          -0.47794       0.90000
1.4328          -0.48463       0.90000
1.3881          -0.46755       0.90000
1.5060          -0.51256       0.90000
1.4776          -0.50176       0.90000
1.4608          -0.49524       0.90000
1.9112          -0.66928       0.90000
1.9254          -0.67486       0.90000
1.3702          -0.46066       0.90000
1.3433          -0.45051       0.90000
1.7498          -0.74902       0.90000
1.7910          -0.76437       0.90000
1.7463          -0.74757       0.90000
2.0009          -0.70427       0.90000
2.0149          -0.70981       0.90000
1.9701          -0.69232       0.90000
1.9561          -0.68677       0.90000
1.7967          -0.76665       0.90000
1.8358          -0.78132       0.90000
2.0457          -0.72179       0.90000
2.0597          -0.72732       0.90000
1.3248          -0.44341       0.90000
1.2985          -0.43353       0.90000
1.7027          -0.73146       0.90000
1.7015          -0.73097       0.90000
1.6804          -0.72322       0.90000
1.6559          -0.71383       0.90000
1.6567          -0.71416       0.90000
1.6119          -0.69702       0.90000
1.6095          -0.69607       0.90000
1.5672          -0.67991       0.90000
1.8433          -0.78436       0.90000
1.8806          -0.79841       0.90000
2.0905          -0.73933       0.90000
2.1045          -0.74485       0.90000
1.2793          -0.42618       0.90000
1.2537          -0.41660       0.90000
1.5630          -0.67831       0.90000
1.5224          -0.66281       0.90000
1.8898          -0.80212       0.90000
1.9254          -0.81561       0.90000
2.1352          -0.75688       0.90000
2.1493          -0.76241       0.90000
1.4235          -0.62502       0.90000
1.4328          -0.62862       0.90000
1.3881          -0.61150       0.90000
1.2337          -0.40899       0.90000
1.2090          -0.39973       0.90000
1.5165          -0.66055       0.90000
1.4776          -0.64571       0.90000
1.4700          -0.64279       0.90000
1.9822          -0.83779       0.90000
2.0149          -0.85028       0.90000
1.9701          -0.83290       0.90000
1.9361          -0.81993       0.90000
2.1799          -0.77444       0.90000
2.1940          -0.78000       0.90000
2.0283          -0.85567       0.90000
2.0597          -0.86772       0.90000
1.3770          -0.60723       0.90000
1.3433          -0.59437       0.90000
1.1881          -0.39183       0.90000
1.1642          -0.38293       0.90000
2.2246          -0.79202       0.90000
2.2388          -0.79761       0.90000
2.0742          -0.87359       0.90000
2.1045          -0.88522       0.90000
1.3305          -0.58942       0.90000
1.2985          -0.57720       0.90000
1.1423          -0.37470       0.90000
1.1194          -0.36619       0.90000
2.2693          -0.80961       0.90000
2.2836          -0.81523       0.90000
2.1201          -0.89153       0.90000
2.1493          -0.90276       0.90000
1.0965          -0.35760       0.90000
1.0746          -0.34951       0.90000
1.2840          -0.57158       0.90000
1.2537          -0.55998       0.90000
2.3586          -0.84483       0.90000
2.3731          -0.85056       0.90000
2.3284          -0.83289       0.90000
2.3140          -0.82721       0.90000
2.4032          -0.86246       0.90000
2.4179          -0.86825       0.90000
2.1659          -0.90949       0.90000
2.1940          -0.92036       0.90000
1.0506          -0.34054       0.90000
1.0299          -0.33290       0.90000
1.2376          -0.55371       0.90000
1.2090          -0.54271       0.90000
2.4478          -0.88010       0.90000
2.4627          -0.88596       0.90000
2.2116          -0.92747       0.90000
2.2388          -0.93799       0.90000
1.0045          -0.32351       0.90000
0.98507         -0.31636       0.90000
0.95840         -0.30651       0.90000
0.94030         -0.29989       0.90000
1.1912          -0.53580       0.90000
1.1642          -0.52537       0.90000
0.91217         -0.28954       0.90000
0.89552         -0.28347       0.90000
2.4924          -0.89775       0.90000
2.5075          -0.90369       0.90000
2.2573          -0.94546       0.90000
2.2836          -0.95565       0.90000
0.77290         -0.23878       0.90000
0.80597         -0.25082       0.90000
0.76119         -0.23456       0.90000
0.72631         -0.22189       0.90000
0.71642         -0.21835       0.90000
0.86584         -0.27260       0.90000
0.85075         -0.26712       0.90000
0.81941         -0.25568       0.90000
1.1449          -0.51785       0.90000
1.1194          -0.50797       0.90000
0.67965         -0.20501       0.90000
0.67164         -0.20217       0.90000
2.6706          -0.96848       0.90000
2.6866          -0.97478       0.90000
2.6418          -0.95699       0.90000
2.5370          -0.91542       0.90000
2.5522          -0.92144       0.90000
2.3485          -0.98149       0.90000
2.3731          -0.99106       0.90000
2.3284          -0.97334       0.90000
2.3029          -0.96347       0.90000
2.3941          -0.99951       0.90000
2.4179          -1.0088        0.90000
2.7152          -0.98619       0.90000
2.7313          -0.99259       0.90000
1.0986          -0.49985       0.90000
1.0746          -0.49049       0.90000
0.63291         -0.18815       0.90000
0.62687         -0.18602       0.90000
0.29910         -0.071785      0.90000
0.31343         -0.077120      0.90000
0.26866         -0.061906      0.90000
0.25078         -0.055252      0.90000
0.22388         -0.046614      0.90000
2.6261          -0.95079       0.90000
2.5970          -0.93921       0.90000
2.5816          -0.93310       0.90000
2.4396          -1.0176        0.90000
2.4627          -1.0266        0.90000
2.7597          -1.0039        0.90000
2.7761          -1.0104        0.90000
1.0525          -0.48181       0.90000
1.0299          -0.47294       0.90000
0.58609         -0.17129       0.90000
0.58209         -0.16990       0.90000
0.34743         -0.088276      0.90000
0.35821         -0.092341      0.90000
0.20260         -0.038634      0.90000
0.17910         -0.031151      0.90000
2.4851          -1.0356        0.90000
2.5075          -1.0444        0.90000
2.8042          -1.0216        0.90000
2.8209          -1.0283        0.90000
1.0064          -0.46372       0.90000
0.98507         -0.45531       0.90000
0.96032         -0.44559       0.90000
0.94030         -0.43761       0.90000
0.91435         -0.42741       0.90000
0.89552         -0.41986       0.90000
0.53917         -0.15446       0.90000
0.53731         -0.15382       0.90000
0.50094         -0.14081       0.90000
0.39568         -0.10476       0.90000
0.40299         -0.10757       0.90000
0.15427         -0.022033      0.90000
0.13433         -0.015731      0.90000
2.6667          -1.1078        0.90000
2.6866          -1.1157        0.90000
2.6418          -1.0978        0.90000
2.5305          -1.0537        0.90000
2.5522          -1.0622        0.90000
2.8487          -1.0394        0.90000
2.8657          -1.0461        0.90000
2.7120          -1.1259        0.90000
2.7313          -1.1335        0.90000
0.49193         -0.13772       0.90000
0.49254         -0.13796       0.90000
0.44776         -0.12279       0.90000
0.44382         -0.12125       0.90000
0.77668         -0.37273       0.90000
0.80597         -0.38423       0.90000
0.76119         -0.36640       0.90000
0.73081         -0.35448       0.90000
0.71642         -0.34856       0.90000
0.86843         -0.40921       0.90000
0.85075         -0.40206       0.90000
0.82255         -0.39098       0.90000
0.68490         -0.33623       0.90000
0.67164         -0.33076       0.90000
0.10394         -0.0060594     0.90000
0.089552        -0.0016270     0.90000
2.6213          -1.0898        0.90000
2.5970          -1.0800        0.90000
2.5759          -1.0717        0.90000
2.8932          -1.0571        0.90000
2.9104          -1.0640        0.90000
2.7573          -1.1440        0.90000
2.7761          -1.1514        0.90000
0.63894         -0.31799       0.90000
0.62687         -0.31300       0.90000
0.35821         -0.20961       0.90000
0.34564         -0.20509       0.90000
0.31078         -0.19244       0.90000
0.31343         -0.19341       0.90000
0.26866         -0.17737       0.90000
0.26211         -0.17490       0.90000
0.22388         -0.16131       0.90000
0.047913        0.0081021      0.90000
2.9376          -1.0748        0.90000
2.8026          -1.1621        0.90000
2.8209          -1.1693        0.90000
0.59289         -0.29979       0.90000
0.58209         -0.29532       0.90000
0.35913         -0.20999       0.90000
0.40299         -0.22615       0.90000
0.21375         -0.15723       0.90000
0.17910         -0.14478       0.90000
2.8479          -1.1802        0.90000
2.8657          -1.1872        0.90000
0.45367         -0.24554       0.90000
0.49254         -0.26031       0.90000
0.44776         -0.24309       0.90000
0.40666         -0.22767       0.90000
0.54670         -0.28163       0.90000
0.53731         -0.27774       0.90000
0.50032         -0.26354       0.90000
0.16653         -0.13915       0.90000
0.13433         -0.12706       0.90000
2.8932          -1.1983        0.90000
2.9104          -1.2051        0.90000
0.12154         -0.12035       0.90000
0.089552        -0.10721       0.90000
2.9384          -1.2163        0.90000
0.079089        -0.10078       0.90000
