2.5476          -1.2772        0.90000
2.5739          -1.2907        0.90000
2.5764          -1.2922        0.90000
2.6143          -1.3113        0.90000
2.6207          -1.3151        0.90000
2.6547          -1.3322        0.90000
2.6649          -1.3383        0.90000
2.6951          -1.3534        0.90000
2.7093          -1.3619        0.90000
2.7357          -1.3750        0.90000
2.7540          -1.3861        0.90000
2.7768          -1.3973        0.90000
2.7995          -1.4113        0.90000
2.8183          -1.4203        0.90000
2.8459          -1.4379        0.90000
2.8599          -1.4445        0.90000
2.8938          -1.4675        0.90000
2.9004          -1.4705        0.90000
2.9202          -1.4852        0.90000
2.9848          -1.5135        0.90000
2.9446          -1.4975        0.90000
3.0000          -1.5255        0.90000
-0.043014       0.025000       0.90000
-0.051544       0.041142       0.90000
-0.062351       0.076403       0.90000
-0.030245       0.097564       0.90000
-0.014081       0.11777        0.90000
-0.059284       0.086367       0.90000
0.0000          0.12139        0.90000
-0.0055253      0.12054        0.90000
-0.0075254      -0.030268      0.90000
0.0000          -0.052313      0.90000
-0.0099182      -0.025000      0.90000
2.4162          -1.2040        0.90000
2.3906          -1.1913        0.90000
2.4375          -1.2161        0.90000
2.4563          -1.2253        0.90000
2.4844          -1.2415        0.90000
2.3757          -1.1829        0.90000
2.3438          -1.1669        0.90000
2.3349          -1.1620        0.90000
2.2969          -1.1428        0.90000
2.2734          -1.1308        0.90000
2.2939          -1.1412        0.90000
2.4958          -1.2470        0.90000
2.5313          -1.2679        0.90000
2.5344          -1.2693        0.90000
2.9751          -1.2943        0.90000
2.9938          -1.3073        0.90000
3.0000          -1.3106        0.90000
0.0067725       -0.062495      0.90000
0.032451        -0.086826      0.90000
0.046875        -0.10149       0.90000
2.9564          -1.2843        0.90000
2.9531          -1.2822        0.90000
0.0063435       -0.057576      0.90000
0.0079758       0.11975        0.90000
0.046875        0.10382        0.90000
2.9411          -1.4951        0.90000
-0.062261       0.079479       0.90000
0.39542         -0.18971       0.90000
0.42188         -0.20011       0.90000
0.37500         -0.18096       0.90000
0.48296         -0.22670       0.90000
0.51563         -0.24147       0.90000
0.46875         -0.22040       0.90000
0.43973         -0.20797       0.90000
0.60115         -0.28142       0.90000
0.60862         -0.28494       0.90000
0.60938         -0.28528       0.90000
0.52540         -0.24579       0.90000
0.56250         -0.26314       0.90000
1.9881          -0.97982       0.90000
2.0123          -0.99199       0.90000
2.0156          -0.99381       0.90000
0.34948         -0.17214       0.90000
0.32813         -0.16360       0.90000
0.65125         -0.30498       0.90000
0.65625         -0.30731       0.90000
0.56721         -0.26518       0.90000
1.7289          -0.84351       0.90000
1.6875          -0.82297       0.90000
1.7344          -0.84644       0.90000
1.6868          -0.82263       0.90000
1.6874          -0.82293       0.90000
1.9331          -0.94847       0.90000
1.9219          -0.94319       0.90000
1.9688          -0.96893       0.90000
2.0535          -1.0127        0.90000
2.0625          -1.0177        0.90000
1.9722          -0.97054       0.90000
2.2544          -1.1195        0.90000
2.2500          -1.1174        0.90000
0.30085         -0.15567       0.90000
0.28125         -0.14921       0.90000
0.69398         -0.32495       0.90000
0.70313         -0.32931       0.90000
1.0162          -0.48190       0.90000
1.0297          -0.48842       0.90000
1.0313          -0.48919       0.90000
1.7703          -0.86416       0.90000
1.7813          -0.87010       0.90000
1.6483          -0.80080       0.90000
1.6406          -0.79727       0.90000
1.8931          -0.92696       0.90000
1.8750          -0.91831       0.90000
2.1353          -1.0545        0.90000
2.1094          -1.0418        0.90000
2.1563          -1.0663        0.90000
2.0946          -1.0335        0.90000
2.2155          -1.0973        0.90000
2.2031          -1.0914        0.90000
2.1757          -1.0757        0.90000
0.18750         -0.13043       0.90000
0.19293         -0.13106       0.90000
0.41377         -0.043883      0.90000
0.42188         -0.046846      0.90000
0.37500         -0.030730      0.90000
0.24724         -0.14117       0.90000
0.23438         -0.13822       0.90000
0.50835         -0.077620      0.90000
0.51563         -0.080279      0.90000
0.46875         -0.063397      0.90000
0.46123         -0.060649      0.90000
0.73675         -0.34488       0.90000
0.75000         -0.35133       0.90000
0.55518         -0.094767      0.90000
0.56250         -0.097444      0.90000
0.94793         -0.44620       0.90000
0.93750         -0.44152       0.90000
0.98438         -0.46529       0.90000
1.0718          -0.50876       0.90000
1.0781          -0.51197       0.90000
0.98888         -0.46728       0.90000
1.8526          -0.90582       0.90000
1.8281          -0.89401       0.90000
1.8116          -0.88491       0.90000
1.6083          -0.77926       0.90000
1.5938          -0.77248       0.90000
0.18574         -0.13022       0.90000
0.14063         -0.13096       0.90000
0.36585         -0.027387      0.90000
0.32813         -0.015241      0.90000
0.77948         -0.36484       0.90000
0.79688         -0.37342       0.90000
0.60175         -0.11207       0.90000
0.60938         -0.11486       0.90000
0.90638         -0.42551       0.90000
0.89063         -0.41839       0.90000
1.1557          -0.54960       0.90000
1.1250          -0.53491       0.90000
1.1719          -0.55802       0.90000
1.1138          -0.52915       0.90000
1.2389          -0.59080       0.90000
1.2188          -0.58136       0.90000
1.2656          -0.60505       0.90000
1.1974          -0.57013       0.90000
1.2801          -0.61170       0.90000
1.3125          -0.62926       0.90000
1.5676          -0.75813       0.90000
1.5469          -0.74831       0.90000
2.4084          -0.97603       0.90000
2.3906          -0.96551       0.90000
2.4375          -0.99051       0.90000
2.5256          -1.0367        0.90000
2.5300          -1.0396        0.90000
2.5313          -1.0402        0.90000
2.4489          -0.99722       0.90000
2.4844          -1.0152        0.90000
0.12240         -0.12385       0.90000
0.093750        -0.12460       0.90000
0.31728         -0.011280      0.90000
0.28125         -6.5429E-4     0.90000
0.86439         -0.40509       0.90000
0.84375         -0.39573       0.90000
0.82206         -0.38489       0.90000
0.64810         -0.12950       0.90000
0.65625         -0.13249       0.90000
1.3657          -0.65770       0.90000
1.4018          -0.67544       0.90000
1.4063          -0.67777       0.90000
1.3206          -0.63295       0.90000
1.3594          -0.65428       0.90000
1.5265          -0.73726       0.90000
1.5000          -0.72455       0.90000
2.0110          -0.76243       0.90000
2.0156          -0.76454       0.90000
1.9917          -0.75120       0.90000
2.3682          -0.95459       0.90000
2.3438          -0.93990       0.90000
2.3287          -0.93273       0.90000
2.2969          -0.91329       0.90000
2.2643          -0.89402       0.90000
2.2902          -0.91020       0.90000
2.5668          -1.0631        0.90000
2.5781          -1.0686        0.90000
2.4897          -1.0183        0.90000
2.7614          -1.1698        0.90000
2.7646          -1.1719        0.90000
2.7656          -1.1724        0.90000
2.8007          -1.1958        0.90000
2.8125          -1.2017        0.90000
0.072043        -0.10890       0.90000
0.26778         0.0042692      0.90000
0.23438         0.012862       0.90000
1.4851          -0.71656       0.90000
1.4531          -0.70107       0.90000
1.4435          -0.69597       0.90000
0.69425         -0.14705       0.90000
0.70313         -0.15031       0.90000
1.3604          -0.65473       0.90000
1.7231          -0.61696       0.90000
1.6875          -0.59687       0.90000
1.7344          -0.62195       0.90000
1.6642          -0.58392       0.90000
1.6834          -0.59512       0.90000
1.9298          -0.72061       0.90000
1.9219          -0.71640       0.90000
1.9688          -0.73970       0.90000
2.0496          -0.78399       0.90000
2.0625          -0.78997       0.90000
1.9714          -0.74111       0.90000
2.2519          -0.88769       0.90000
2.2500          -0.88665       0.90000
2.6445          -1.1075        0.90000
2.6250          -1.0954        0.90000
2.6719          -1.1214        0.90000
2.6052          -1.0856        0.90000
2.7247          -1.1504        0.90000
2.7188          -1.1468        0.90000
2.6844          -1.1291        0.90000
2.8772          -1.2409        0.90000
2.8594          -1.2295        0.90000
2.9063          -1.2562        0.90000
2.8385          -1.2187        0.90000
2.9166          -1.2627        0.90000
0.21714         0.019145       0.90000
0.18750         0.027233       0.90000
0.74024         -0.16471       0.90000
0.75000         -0.16829       0.90000
0.96709         -0.25483       0.90000
0.98438         -0.26234       0.90000
0.93750         -0.24250       0.90000
1.0110          -0.27377       0.90000
1.0313          -0.28302       0.90000
1.7638          -0.63815       0.90000
1.7813          -0.64611       0.90000
1.6433          -0.57368       0.90000
1.6406          -0.57238       0.90000
1.8881          -0.70011       0.90000
1.8750          -0.69311       0.90000
2.1295          -0.82587       0.90000
2.1563          -0.83880       0.90000
2.1094          -0.81461       0.90000
2.0893          -0.80507       0.90000
2.2110          -0.86710       0.90000
2.2031          -0.86276       0.90000
2.1702          -0.84652       0.90000
0.16744         0.034585       0.90000
0.14063         0.047868       0.90000
0.78609         -0.18244       0.90000
0.79688         -0.18643       0.90000
0.92251         -0.23633       0.90000
0.89063         -0.22337       0.90000
1.0541          -0.29316       0.90000
1.0781          -0.30450       0.90000
1.2624          -0.39456       0.90000
1.2656          -0.39581       0.90000
1.2433          -0.38445       0.90000
1.3037          -0.41508       0.90000
1.3125          -0.41861       0.90000
1.8465          -0.67959       0.90000
1.8281          -0.66974       0.90000
1.8050          -0.65898       0.90000
1.6015          -0.55346       0.90000
1.5938          -0.54970       0.90000
0.12411         0.053819       0.90000
0.093750        0.074844       0.90000
0.87733         -0.21819       0.90000
0.84375         -0.20475       0.90000
0.83180         -0.20026       0.90000
1.1385          -0.33303       0.90000
1.1719          -0.34935       0.90000
1.1250          -0.32666       0.90000
1.0965          -0.31294       0.90000
1.3460          -0.43499       0.90000
1.3594          -0.44055       0.90000
1.2216          -0.37374       0.90000
1.2188          -0.37234       0.90000
1.1801          -0.35333       0.90000
1.5594          -0.53339       0.90000
1.5469          -0.52737       0.90000
0.088078        0.077394       0.90000
0.075533        0.087421       0.90000
1.3887          -0.45462       0.90000
1.4063          -0.46213       0.90000
1.5170          -0.51350       0.90000
1.5000          -0.50538       0.90000
0.052978        0.10152        0.90000
1.4744          -0.49377       0.90000
1.4531          -0.48367       0.90000
1.4316          -0.47417       0.90000
