0.0000          0.073422       0.90000
-0.012659       0.070882       0.90000
-0.026214       0.061519       0.90000
-0.026540       0.047997       0.90000
-0.022906       0.025000       0.90000
0.031188        0.071133       0.90000
0.044776        0.065389       0.90000
2.9633          -1.1980        0.90000
3.0000          -1.2154        0.90000
2.9552          -1.1940        0.90000
0.035149        -0.039578      0.90000
0.023391        -0.021465      0.90000
0.0000          -0.011706      0.90000
0.040391        -0.044745      0.90000
0.044776        -0.048423      0.90000
2.9854          -1.3740        0.90000
3.0000          -1.3813        0.90000
2.9552          -1.3598        0.90000
1.3705          -0.45752       0.90000
1.3881          -0.46506       0.90000
1.3433          -0.44559       0.90000
1.4132          -0.47616       0.90000
1.4328          -0.48463       0.90000
1.3277          -0.43894       0.90000
1.2985          -0.42622       0.90000
1.4985          -0.51358       0.90000
1.5224          -0.52402       0.90000
1.4776          -0.50429       0.90000
1.4559          -0.49484       0.90000
1.5410          -0.53236       0.90000
1.5672          -0.54383       0.90000
1.2849          -0.42042       0.90000
1.2537          -0.40695       0.90000
1.5835          -0.55119       0.90000
1.6119          -0.56370       0.90000
1.2419          -0.40196       0.90000
1.2090          -0.38779       0.90000
1.6260          -0.57005       0.90000
1.6567          -0.58363       0.90000
1.1989          -0.38356       0.90000
1.1642          -0.36874       0.90000
1.3557          -0.61493       0.90000
1.3881          -0.62954       0.90000
1.3433          -0.60949       0.90000
1.3990          -0.63434       0.90000
1.4328          -0.64966       0.90000
1.6684          -0.58895       0.90000
1.7015          -0.60362       0.90000
0.98210         -0.29251       0.90000
0.98507         -0.29372       0.90000
0.94030         -0.27527       0.90000
1.0691          -0.32874       0.90000
1.0746          -0.33099       0.90000
1.0299          -0.31229       0.90000
1.0257          -0.31059       0.90000
1.1557          -0.36522       0.90000
1.1194          -0.34981       0.90000
1.1125          -0.34695       0.90000
1.3123          -0.59556       0.90000
1.2985          -0.58949       0.90000
1.4855          -0.67329       0.90000
1.5224          -0.69015       0.90000
1.4776          -0.66986       0.90000
1.4423          -0.65379       0.90000
1.7108          -0.60788       0.90000
1.7463          -0.62366       0.90000
1.5286          -0.69284       0.90000
1.5672          -0.71054       0.90000
0.83714         -0.23331       0.90000
0.80632         -0.22098       0.90000
0.80597         -0.22084       0.90000
0.93840         -0.27450       0.90000
0.89552         -0.25695       0.90000
0.76187         -0.20334       0.90000
0.76119         -0.20307       0.90000
1.2689          -0.57623       0.90000
1.2537          -0.56956       0.90000
1.7532          -0.62684       0.90000
1.7910          -0.64374       0.90000
1.5716          -0.71246       0.90000
1.6119          -0.73104       0.90000
0.71725         -0.18577       0.90000
0.71642         -0.18545       0.90000
0.89456         -0.25657       0.90000
0.85075         -0.23879       0.90000
0.85057         -0.23872       0.90000
1.2255          -0.55693       0.90000
1.2090          -0.54969       0.90000
1.7956          -0.64583       0.90000
1.8358          -0.66387       0.90000
1.6145          -0.73215       0.90000
1.6567          -0.75168       0.90000
0.58211         -0.13366       0.90000
0.62687         -0.15072       0.90000
0.58209         -0.13365       0.90000
0.58062         -0.13310       0.90000
0.53648         -0.11653       0.90000
0.53731         -0.11686       0.90000
0.49254         -0.10027       0.90000
0.67243         -0.16830       0.90000
0.67164         -0.16799       0.90000
0.62739         -0.15093       0.90000
0.49056         -0.099514      0.90000
0.44776         -0.083849      0.90000
1.1820          -0.53766       0.90000
1.1642          -0.52987       0.90000
1.8750          -0.68154       0.90000
1.8379          -0.66486       0.90000
1.6684          -0.75712       0.90000
1.6573          -0.75192       0.90000
0.44441         -0.082587      0.90000
0.40299         -0.067544      0.90000
0.96380         -0.44183       0.90000
0.98507         -0.45116       0.90000
0.94030         -0.43163       0.90000
1.0512          -0.48006       0.90000
1.0746          -0.49040       0.90000
1.0299          -0.47075       0.90000
1.0075          -0.46093       0.90000
1.1384          -0.51843       0.90000
1.1194          -0.51011       0.90000
1.0948          -0.49923       0.90000
1.9628          -0.72330       0.90000
1.9701          -0.72647       0.90000
1.9254          -0.70543       0.90000
1.9213          -0.70370       0.90000
1.8806          -0.68419       0.90000
1.8801          -0.68400       0.90000
1.7004          -0.77153       0.90000
1.7015          -0.77203       0.90000
0.39806         -0.065725      0.90000
0.35821         -0.051254      0.90000
0.92001         -0.42275       0.90000
0.89552         -0.41216       0.90000
2.0044          -0.74281       0.90000
2.0149          -0.74739       0.90000
1.7437          -0.79108       0.90000
1.7463          -0.79227       0.90000
0.35165         -0.048878      0.90000
0.31343         -0.034808      0.90000
0.87617         -0.40372       0.90000
0.85075         -0.39276       0.90000
0.83226         -0.38471       0.90000
0.80597         -0.37342       0.90000
0.78829         -0.36574       0.90000
0.76119         -0.35413       0.90000
2.0462          -0.76228       0.90000
2.0597          -0.76821       0.90000
1.7869          -0.81066       0.90000
1.7910          -0.81254       0.90000
0.52349         -0.25243       0.90000
0.53731         -0.25843       0.90000
0.49254         -0.23941       0.90000
0.74428         -0.34679       0.90000
0.71642         -0.33489       0.90000
0.47923         -0.23361       0.90000
0.44776         -0.22039       0.90000
0.30540         -0.031948      0.90000
0.26866         -0.017908      0.90000
2.0880          -0.78171       0.90000
2.1045          -0.78896       0.90000
1.8302          -0.83027       0.90000
1.8358          -0.83286       0.90000
2.2140          -0.83994       0.90000
2.2388          -0.85110       0.90000
2.1940          -0.83040       0.90000
2.2561          -0.85937       0.90000
2.2836          -0.87182       0.90000
0.61194         -0.29011       0.90000
0.62687         -0.29657       0.90000
0.58209         -0.27748       0.90000
0.56773         -0.27126       0.90000
0.70021         -0.32787       0.90000
0.67164         -0.31570       0.90000
0.65610         -0.30898       0.90000
0.43497         -0.21480       0.90000
0.40299         -0.20136       0.90000
0.25981         -0.014747      0.90000
0.22388         -5.3141E-5     0.90000
2.1720          -0.82053       0.90000
2.1493          -0.80969       0.90000
2.1300          -0.80112       0.90000
1.9598          -0.88925       0.90000
1.9701          -0.89405       0.90000
1.9254          -0.87362       0.90000
1.9166          -0.86957       0.90000
1.8806          -0.85322       0.90000
1.8734          -0.84991       0.90000
2.2981          -0.87880       0.90000
2.3284          -0.89256       0.90000
0.39073         -0.19598       0.90000
0.35821         -0.18230       0.90000
0.21571         0.0030549      0.90000
0.17910         0.019321       0.90000
2.0029          -0.90897       0.90000
2.0149          -0.91453       0.90000
2.3402          -0.89826       0.90000
2.3731          -0.91333       0.90000
0.34653         -0.17716       0.90000
0.31343         -0.16321       0.90000
0.17383         0.021717       0.90000
0.13433         0.039283       0.90000
2.0461          -0.92871       0.90000
2.0597          -0.93505       0.90000
2.4244          -0.93725       0.90000
2.4627          -0.95497       0.90000
2.4179          -0.93413       0.90000
2.3823          -0.91774       0.90000
2.5242          -0.98368       0.90000
2.5085          -0.97635       0.90000
2.5075          -0.97585       0.90000
2.4664          -0.95678       0.90000
0.30238         -0.15834       0.90000
0.26866         -0.14408       0.90000
0.13215         0.040429       0.90000
0.089552        0.055700       0.90000
2.0892          -0.94848       0.90000
2.1045          -0.95562       0.90000
2.2184          -1.0080        0.90000
2.2388          -1.0177        0.90000
2.1940          -0.99692       0.90000
2.2614          -1.0279        0.90000
2.2836          -1.0385        0.90000
2.5897          -1.0171        0.90000
2.5970          -1.0204        0.90000
2.5522          -0.99791       0.90000
2.5493          -0.99661       0.90000
0.25828         -0.13950       0.90000
0.22388         -0.12496       0.90000
0.085564        0.057241       0.90000
2.1754          -0.98813       0.90000
2.1493          -0.97624       0.90000
2.1323          -0.96829       0.90000
2.3044          -1.0479        0.90000
2.3284          -1.0594        0.90000
2.6305          -1.0375        0.90000
2.6418          -1.0426        0.90000
0.21422         -0.12066       0.90000
0.17910         -0.10590       0.90000
2.3472          -1.0679        0.90000
2.3731          -1.0804        0.90000
2.7543          -1.0979        0.90000
2.7761          -1.1079        0.90000
2.7313          -1.0863        0.90000
2.7128          -1.0778        0.90000
2.6866          -1.0645        0.90000
2.6715          -1.0577        0.90000
0.17017         -0.10183       0.90000
0.13433         -0.087097      0.90000
2.4327          -1.1082        0.90000
2.4627          -1.1228        0.90000
2.4179          -1.1015        0.90000
2.3900          -1.0880        0.90000
2.7959          -1.1179        0.90000
2.8209          -1.1295        0.90000
2.5600          -1.1694        0.90000
2.5970          -1.1878        0.90000
2.5522          -1.1659        0.90000
2.5177          -1.1489        0.90000
2.5075          -1.1442        0.90000
2.4753          -1.1285        0.90000
0.12612         -0.083005      0.90000
0.089552        -0.068557      0.90000
2.8377          -1.1380        0.90000
2.8657          -1.1510        0.90000
2.6020          -1.1900        0.90000
2.6418          -1.2100        0.90000
0.082840        -0.063978      0.90000
2.9214          -1.1780        0.90000
2.9104          -1.1725        0.90000
2.8795          -1.1580        0.90000
2.6692          -1.2238        0.90000
2.6438          -1.2109        0.90000
2.7715          -1.2721        0.90000
2.7761          -1.2743        0.90000
2.7313          -1.2531        0.90000
2.7287          -1.2518        0.90000
2.6866          -1.2320        0.90000
2.6858          -1.2316        0.90000
2.8144          -1.2924        0.90000
2.8209          -1.2956        0.90000
2.8572          -1.3127        0.90000
2.8657          -1.3169        0.90000
2.9427          -1.3535        0.90000
2.9104          -1.3383        0.90000
2.9000          -1.3331        0.90000
