-0.0055673      -0.066202      0.90000
0.0000          -0.072165      0.90000
-0.0071760      -0.061495      0.90000
-0.014773       -0.025000      0.90000
-0.010802       -0.034637      0.90000
-0.021435       0.043581       0.90000
-0.019627       0.025000       0.90000
-0.019839       0.063872       0.90000
-0.014033       0.074839       0.90000
0.0000          0.093956       0.90000
0.027193        -0.090080      0.90000
0.053571        -0.11281       0.90000
0.053571        0.090385       0.90000
0.015334        0.094026       0.90000
2.9566          -1.1538        0.90000
3.0000          -1.1734        0.90000
2.9464          -1.1495        0.90000
2.9812          -0.96801       0.90000
3.0000          -0.97598       0.90000
2.9464          -0.95231       0.90000
1.3907          -0.53668       0.90000
1.3929          -0.53750       0.90000
1.3393          -0.51664       0.90000
1.4450          -0.55779       0.90000
1.4464          -0.55832       0.90000
0.32328         -0.15404       0.90000
0.37500         -0.17181       0.90000
0.32143         -0.15329       0.90000
0.26786         -0.14957       0.90000
0.31588         -0.15280       0.90000
1.3364          -0.51554       0.90000
1.2857          -0.49574       0.90000
0.38017         -0.17389       0.90000
0.42857         -0.19251       0.90000
1.4994          -0.57887       0.90000
1.5000          -0.57910       0.90000
0.23556         -0.14296       0.90000
0.21429         -0.14142       0.90000
1.2822          -0.49437       0.90000
1.2321          -0.47477       0.90000
0.43476         -0.19500       0.90000
0.48214         -0.21405       0.90000
1.5379          -0.59379       0.90000
0.10714         -0.13201       0.90000
0.15497         -0.12487       0.90000
0.16479         -0.12605       0.90000
0.16071         -0.12497       0.90000
1.2280          -0.47317       0.90000
1.1786          -0.45374       0.90000
0.48846         -0.21658       0.90000
0.53571         -0.23590       0.90000
0.34391         -0.017228      0.90000
0.37500         -0.025329      0.90000
0.32143         -0.010134      0.90000
1.5536          -0.59979       0.90000
0.072675        -0.11448       0.90000
0.28407         0.0013115      0.90000
0.26786         0.0069957      0.90000
1.1738          -0.45194       0.90000
1.1250          -0.43265       0.90000
0.71188         -0.29811       0.90000
0.75000         -0.30853       0.90000
0.69643         -0.29533       0.90000
0.77667         -0.31344       0.90000
0.80357         -0.31956       0.90000
0.84081         -0.32909       0.90000
0.85714         -0.33284       0.90000
0.90027         -0.34734       0.90000
0.91071         -0.35010       0.90000
0.54185         -0.23834       0.90000
0.58929         -0.25733       0.90000
0.40688         -0.034556      0.90000
0.42857         -0.039540      0.90000
1.5539          -0.59991       0.90000
1.6071          -0.62029       0.90000
0.22767         0.021108       0.90000
0.21429         0.026380       0.90000
1.0656          -0.40943       0.90000
1.0714          -0.41154       0.90000
1.0179          -0.39050       0.90000
1.1197          -0.43068       0.90000
1.3435          -0.32754       0.90000
1.3929          -0.34453       0.90000
1.3393          -0.32610       0.90000
0.59591         -0.25973       0.90000
0.64286         -0.27771       0.90000
0.65182         -0.28009       0.90000
0.95648         -0.36742       0.90000
0.96429         -0.36981       0.90000
1.0113          -0.38828       0.90000
0.47095         -0.051358      0.90000
0.48214         -0.053931      0.90000
1.6087          -0.62087       0.90000
1.6607          -0.64070       0.90000
1.3991          -0.34669       0.90000
1.4464          -0.36322       0.90000
0.17548         0.042353       0.90000
0.16071         0.048624       0.90000
1.2321          -0.29039       0.90000
1.2550          -0.29785       0.90000
1.2874          -0.30858       0.90000
1.2857          -0.30800       0.90000
0.53362         -0.068548      0.90000
0.53571         -0.069221      0.90000
1.6635          -0.64176       0.90000
1.7143          -0.66103       0.90000
1.4543          -0.36599       0.90000
1.5000          -0.38213       0.90000
0.12844         0.065283       0.90000
0.10714         0.071444       0.90000
1.2307          -0.28989       0.90000
1.1786          -0.27319       0.90000
0.55345         -0.074560      0.90000
1.8285          -0.70414       0.90000
1.8750          -0.72166       0.90000
1.8214          -0.70149       0.90000
1.7185          -0.66260       0.90000
1.7679          -0.68129       0.90000
1.7735          -0.68339       0.90000
1.5093          -0.38541       0.90000
1.5536          -0.40120       0.90000
2.2665          -0.87084       0.90000
2.3036          -0.88522       0.90000
2.2500          -0.86438       0.90000
2.2122          -0.84981       0.90000
2.1964          -0.84369       0.90000
2.4285          -0.93444       0.90000
2.4643          -0.94864       0.90000
2.4107          -0.92735       0.90000
2.4821          -0.95581       0.90000
2.5179          -0.97009       0.90000
0.075409        0.086190       0.90000
1.1733          -0.27145       0.90000
1.1250          -0.25613       0.90000
0.71160         -0.12318       0.90000
0.75000         -0.13588       0.90000
0.69643         -0.11840       0.90000
0.76897         -0.14204       0.90000
0.80357         -0.15348       0.90000
0.82621         -0.16091       0.90000
0.85714         -0.17096       0.90000
0.88366         -0.17964       0.90000
0.91071         -0.18825       0.90000
0.58929         -0.084959      0.90000
1.8836          -0.72487       0.90000
1.9286          -0.74185       0.90000
1.9386          -0.74561       0.90000
1.9821          -0.76206       0.90000
1.5640          -0.40493       0.90000
1.6071          -0.42041       0.90000
2.1031          -0.80797       0.90000
2.1429          -0.82312       0.90000
2.0893          -0.80267       0.90000
2.1577          -0.82886       0.90000
1.9935          -0.76636       0.90000
2.0357          -0.78233       0.90000
2.0484          -0.78714       0.90000
2.3206          -0.89196       0.90000
2.3571          -0.90621       0.90000
2.3746          -0.91315       0.90000
2.5357          -0.97728       0.90000
2.5714          -0.99170       0.90000
1.0575          -0.23488       0.90000
1.0714          -0.23918       0.90000
1.0179          -0.22229       0.90000
1.1155          -0.25313       0.90000
0.59414         -0.086379      0.90000
0.64286         -0.10137       0.90000
0.65345         -0.10458       0.90000
0.94139         -0.19820       0.90000
0.96429         -0.20534       0.90000
0.99937         -0.21660       0.90000
1.6186          -0.42453       0.90000
1.6607          -0.43974       0.90000
2.5890          -0.99885       0.90000
2.6250          -1.0135        0.90000
1.6730          -0.44420       0.90000
1.7143          -0.45919       0.90000
2.6422          -1.0205        0.90000
2.6786          -1.0355        0.90000
1.8353          -0.50365       0.90000
1.8750          -0.51838       0.90000
1.8214          -0.49849       0.90000
1.7273          -0.46394       0.90000
1.7679          -0.47876       0.90000
1.7814          -0.48375       0.90000
2.2609          -0.66622       0.90000
2.3036          -0.68294       0.90000
2.2500          -0.66186       0.90000
2.2082          -0.64559       0.90000
2.1964          -0.64092       0.90000
2.4182          -0.72864       0.90000
2.4643          -0.74706       0.90000
2.4107          -0.72554       0.90000
2.6952          -1.0423        0.90000
2.7321          -1.0577        0.90000
2.4704          -0.74962       0.90000
2.5179          -0.76874       0.90000
1.8890          -0.52366       0.90000
1.9286          -0.53845       0.90000
1.9426          -0.54377       0.90000
1.9821          -0.55868       0.90000
2.1023          -0.60460       0.90000
2.1429          -0.62014       0.90000
2.0893          -0.59952       0.90000
2.1553          -0.62505       0.90000
1.9960          -0.56397       0.90000
2.0357          -0.57903       0.90000
2.0492          -0.58424       0.90000
2.3134          -0.68694       0.90000
2.3571          -0.70417       0.90000
2.3659          -0.70774       0.90000
2.7480          -1.0642        0.90000
2.7857          -1.0802        0.90000
2.8006          -1.0863        0.90000
2.8393          -1.1029        0.90000
2.5225          -0.77070       0.90000
2.5714          -0.79056       0.90000
2.8529          -1.1086        0.90000
2.8929          -1.1260        0.90000
2.9049          -1.1311        0.90000
2.6779          -0.83464       0.90000
2.6786          -0.83492       0.90000
2.6651          -0.82910       0.90000
2.5745          -0.79186       0.90000
2.6250          -0.81254       0.90000
2.7284          -0.85675       0.90000
2.7321          -0.85824       0.90000
2.6264          -0.81312       0.90000
2.7790          -0.87894       0.90000
2.7857          -0.88166       0.90000
2.8295          -0.90116       0.90000
2.8393          -0.90515       0.90000
2.8800          -0.92342       0.90000
2.8929          -0.92869       0.90000
2.9306          -0.94571       0.90000
