-0.083895       -0.060000      0.90000
-0.065831       -0.075858      0.90000
0.0000          -0.10767       0.90000
-0.016560       -0.10359       0.90000
-0.091317       -0.037941      0.90000
-0.10624        -0.025000      0.90000
2.9509          -2.0250        0.90000
3.0000          -2.0582        0.90000
2.9333          -2.0136        0.90000
0.061728        -0.16105       0.90000
0.066667        -0.16576       0.90000
0.039315        -0.14268       0.90000
2.9850          -1.8604        0.90000
3.0000          -1.8701        0.90000
2.9333          -1.8241        0.90000
0.012138        -0.11499       0.90000
0.0000          0.0054163      0.90000
0.050098        -0.0051231     0.90000
0.066667        -0.0093715     0.90000
0.58023         -0.50033       0.90000
0.60000         -0.51280       0.90000
0.53333         -0.46984       0.90000
0.51460         -0.45808       0.90000
0.46667         -0.42690       0.90000
0.44897         -0.41584       0.90000
0.40000         -0.38400       0.90000
0.64589         -0.54258       0.90000
0.66667         -0.55575       0.90000
0.38333         -0.37361       0.90000
0.33333         -0.34115       0.90000
0.71157         -0.58484       0.90000
0.73333         -0.59868       0.90000
0.31771         -0.33139       0.90000
0.26667         -0.29836       0.90000
0.77729         -0.62710       0.90000
0.80000         -0.64156       0.90000
0.58647         -0.33865       0.90000
0.60000         -0.34690       0.90000
0.53333         -0.30690       0.90000
0.51957         -0.29851       0.90000
0.46667         -0.26701       0.90000
0.45252         -0.25839       0.90000
0.40000         -0.22723       0.90000
0.25219         -0.28916       0.90000
0.20000         -0.25557       0.90000
1.1729          -0.88043       0.90000
1.2000          -0.89773       0.90000
1.1333          -0.85517       0.90000
1.3052          -0.96478       0.90000
1.3333          -0.98274       0.90000
1.2667          -0.94025       0.90000
1.2390          -0.92261       0.90000
0.97480         -0.75382       0.90000
1.0000          -0.76990       0.90000
0.93333         -0.72719       0.90000
0.90890         -0.71159       0.90000
0.86667         -0.68440       0.90000
0.84306         -0.66935       0.90000
0.65313         -0.37885       0.90000
0.66667         -0.38710       0.90000
1.4376          -1.0491        0.90000
1.4667          -1.0677        0.90000
1.4000          -1.0252        0.90000
1.3714          -1.0069        0.90000
1.5039          -1.0913        0.90000
1.5333          -1.1101        0.90000
1.8352          -1.3021        0.90000
1.8667          -1.3223        0.90000
1.8000          -1.2799        0.90000
1.7690          -1.2599        0.90000
1.7333          -1.2374        0.90000
1.7027          -1.2178        0.90000
1.6667          -1.1950        0.90000
1.9677          -1.3865        0.90000
2.0000          -1.4074        0.90000
1.9333          -1.3648        0.90000
1.9015          -1.3443        0.90000
2.0338          -1.4287        0.90000
2.0667          -1.4500        0.90000
0.18704         -0.24684       0.90000
0.13333         -0.21229       0.90000
0.38532         -0.21829       0.90000
0.33333         -0.18761       0.90000
1.1068          -0.83824       0.90000
1.0667          -0.81256       0.90000
1.0408          -0.79604       0.90000
0.71952         -0.41911       0.90000
0.73333         -0.42752       0.90000
1.6364          -1.1756        0.90000
1.6000          -1.1525        0.90000
1.5702          -1.1334        0.90000
2.2321          -1.5556        0.90000
2.2667          -1.5781        0.90000
2.2000          -1.5353        0.90000
2.8864          -1.9818        0.90000
2.8667          -1.9691        0.90000
2.8217          -1.9388        0.90000
2.8000          -1.9250        0.90000
2.6263          -1.8104        0.90000
2.6667          -1.8373        0.90000
2.6000          -1.7937        0.90000
2.5609          -1.7678        0.90000
2.5333          -1.7503        0.90000
2.1660          -1.5133        0.90000
2.1333          -1.4926        0.90000
2.1000          -1.4710        0.90000
0.12286         -0.20430       0.90000
0.31793         -0.17821       0.90000
0.26667         -0.14812       0.90000
0.78569         -0.45942       0.90000
0.80000         -0.46815       0.90000
2.4953          -1.7252        0.90000
2.4667          -1.7071        0.90000
2.4297          -1.6828        0.90000
2.4000          -1.6640        0.90000
2.3639          -1.6403        0.90000
2.3333          -1.6210        0.90000
2.2980          -1.5979        0.90000
2.7567          -1.8959        0.90000
2.7333          -1.8810        0.90000
2.6916          -1.8531        0.90000
0.25030         -0.13817       0.90000
0.20000         -0.10863       0.90000
1.1798          -0.70232       0.90000
1.2000          -0.71467       0.90000
1.1333          -0.67331       0.90000
1.3104          -0.78363       0.90000
1.3333          -0.79764       0.90000
1.2667          -0.75611       0.90000
1.2451          -0.74295       0.90000
0.98323         -0.58067       0.90000
1.0000          -0.59090       0.90000
0.93333         -0.54985       0.90000
0.91751         -0.54021       0.90000
0.86667         -0.50893       0.90000
0.85167         -0.49979       0.90000
1.4408          -0.86510       0.90000
1.4667          -0.88091       0.90000
1.4000          -0.83924       0.90000
1.3756          -0.82434       0.90000
1.5060          -0.90589       0.90000
1.5333          -0.92265       0.90000
2.9229          -1.8174        0.90000
2.8667          -1.7774        0.90000
2.8616          -1.7741        0.90000
2.8125          -1.7388        0.90000
1.8313          -1.1104        0.90000
1.8667          -1.1323        0.90000
1.8000          -1.0902        0.90000
1.7662          -1.0694        0.90000
1.7333          -1.0482        0.90000
1.7012          -1.0285        0.90000
1.6667          -1.0063        0.90000
1.9612          -1.1924        0.90000
2.0000          -1.2166        0.90000
1.9333          -1.1744        0.90000
1.8962          -1.1514        0.90000
2.0261          -1.2335        0.90000
2.0667          -1.2588        0.90000
0.18279         -0.098094      0.90000
0.13333         -0.065036      0.90000
1.1143          -0.66172       0.90000
1.0667          -0.63205       0.90000
1.0488          -0.62117       0.90000
1.6362          -0.98758       0.90000
1.6000          -0.96445       0.90000
1.5711          -0.94672       0.90000
2.2206          -1.3570        0.90000
2.2667          -1.3862        0.90000
2.2000          -1.3436        0.90000
2.8005          -1.7309        0.90000
2.8000          -1.7306        0.90000
2.6077          -1.6057        0.90000
2.6667          -1.6440        0.90000
2.6000          -1.6007        0.90000
2.5433          -1.5641        0.90000
2.5333          -1.5576        0.90000
2.1558          -1.3158        0.90000
2.1333          -1.3012        0.90000
2.0910          -1.2746        0.90000
0.12042         -0.057195      0.90000
0.098024        -0.033940      0.90000
2.4789          -1.5226        0.90000
2.4667          -1.5146        0.90000
2.4145          -1.4811        0.90000
2.4000          -1.4716        0.90000
2.3499          -1.4397        0.90000
2.3333          -1.4289        0.90000
2.2853          -1.3983        0.90000
2.7362          -1.6892        0.90000
2.7333          -1.6873        0.90000
2.6720          -1.6474        0.90000
0.073795        -0.013272      0.90000
