0.0000          0.080216       0.90000
-0.013877       0.070446       0.90000
-0.024105       0.059585       0.90000
-0.024342       0.046786       0.90000
-0.018630       0.025000       0.90000
0.042857        0.076326       0.90000
0.023301        0.077761       0.90000
0.039157        -0.045439      0.90000
0.024409        -0.023306      0.90000
0.0000          -0.010764      0.90000
0.041007        -0.047916      0.90000
0.042857        -0.049969      0.90000
2.9721          -1.8040        0.90000
3.0000          -1.8236        0.90000
2.9571          -1.7921        0.90000
2.9872          -2.0402        0.90000
3.0000          -2.0504        0.90000
2.9571          -2.0196        0.90000
2.9488          -2.0131        0.90000
2.9143          -1.9892        0.90000
2.9103          -1.9862        0.90000
2.8745          -1.9612        0.90000
1.6843          -0.89252       0.90000
1.7143          -0.91181       0.90000
1.6714          -0.88401       0.90000
1.6466          -0.86830       0.90000
1.6286          -0.85632       0.90000
1.7219          -0.91685       0.90000
1.7571          -0.93982       0.90000
1.6090          -0.84415       0.90000
1.5857          -0.82861       0.90000
1.7744          -0.95117       0.90000
1.7594          -0.94130       0.90000
1.5717          -0.82001       0.90000
1.5429          -0.80063       0.90000
1.7953          -0.96683       0.90000
1.8000          -0.96966       0.90000
1.4933          -0.76745       0.90000
1.4620          -0.74718       0.90000
1.4571          -0.74406       0.90000
1.5348          -0.79578       0.90000
1.5000          -0.77202       0.90000
1.8314          -0.99259       0.90000
1.8429          -0.99972       0.90000
1.4247          -0.72328       0.90000
1.4143          -0.71667       0.90000
1.4988          -0.77132       0.90000
1.8682          -1.0180        0.90000
1.8857          -1.0290        0.90000
1.3113          -0.65262       0.90000
1.3286          -0.66310       0.90000
1.2857          -0.63678       0.90000
1.2732          -0.62933       0.90000
1.2429          -0.61051       0.90000
1.3872          -0.69955       0.90000
1.3714          -0.68969       0.90000
1.3494          -0.67601       0.90000
1.6535          -1.0970        0.90000
1.6325          -1.0817        0.90000
1.6286          -1.0792        0.90000
1.1855          -0.57473       0.90000
1.1610          -0.55886       0.90000
1.1571          -0.55638       0.90000
1.2352          -0.60608       0.90000
1.2000          -0.58393       0.90000
1.9056          -1.0432        0.90000
1.9286          -1.0579        0.90000
1.7073          -1.1333        0.90000
1.7143          -1.1381        0.90000
1.6714          -1.1091        0.90000
0.89383         -0.39532       0.90000
0.90000         -0.39872       0.90000
0.85714         -0.37478       0.90000
1.5957          -1.0556        0.90000
1.5857          -1.0492        0.90000
1.6694          -1.1077        0.90000
1.1241          -0.53484       0.90000
1.1143          -0.52859       0.90000
1.1978          -0.58272       0.90000
0.93380         -0.41786       0.90000
0.94286         -0.42314       0.90000
1.9433          -1.0683        0.90000
1.9714          -1.0866        0.90000
1.7453          -1.1590        0.90000
1.7571          -1.1672        0.90000
0.79919         -0.34265       0.90000
0.77313         -0.32815       0.90000
0.77143         -0.32718       0.90000
0.73270         -0.30587       0.90000
0.72857         -0.30355       0.90000
0.69204         -0.28369       0.90000
0.68571         -0.28019       0.90000
0.65114         -0.26163       0.90000
0.64286         -0.25710       0.90000
0.52701         -0.19601       0.90000
0.55714         -0.21167       0.90000
0.51429         -0.18921       0.90000
0.60997         -0.23967       0.90000
0.60000         -0.23427       0.90000
0.56857         -0.21781       0.90000
0.36040         -0.10909       0.90000
0.38571         -0.12218       0.90000
0.34286         -0.099987      0.90000
0.31853         -0.087463      0.90000
0.30000         -0.077977      0.90000
0.40210         -0.13079       0.90000
0.42857         -0.14449       0.90000
0.85359         -0.37291       0.90000
0.81429         -0.35099       0.90000
1.5584          -1.0298        0.90000
1.5429          -1.0197        0.90000
1.0871          -0.51092       0.90000
1.0714          -0.50115       0.90000
0.97315         -0.44066       0.90000
0.98571         -0.44832       0.90000
0.27635         -0.065934      0.90000
0.25714         -0.056139      0.90000
1.9811          -1.0934        0.90000
2.0143          -1.1152        0.90000
1.7833          -1.1847        0.90000
1.8000          -1.1965        0.90000
2.2019          -1.2474        0.90000
2.2286          -1.2650        0.90000
2.1857          -1.2356        0.90000
2.1646          -1.2219        0.90000
2.1429          -1.2059        0.90000
0.81337         -0.35052       0.90000
0.48538         -0.17426       0.90000
0.47143         -0.16683       0.90000
0.44373         -0.15252       0.90000
1.0497          -0.48721       0.90000
1.0286          -0.47434       0.90000
1.0118          -0.46378       0.90000
1.5208          -1.0043        0.90000
1.5000          -0.99058       0.90000
0.23385         -0.044503      0.90000
0.21429         -0.034141      0.90000
2.0541          -1.1418        0.90000
2.0190          -1.1185        0.90000
1.8212          -1.2105        0.90000
1.8429          -1.2260        0.90000
2.2772          -1.2983        0.90000
2.3143          -1.3233        0.90000
2.2714          -1.2942        0.90000
2.2394          -1.2729        0.90000
2.1277          -1.1962        0.90000
2.1000          -1.1755        0.90000
1.4830          -0.97881       0.90000
1.4571          -0.96166       0.90000
0.19181         -0.022947      0.90000
0.17143         -0.010624      0.90000
2.3197          -1.3270        0.90000
2.3149          -1.3238        0.90000
2.0916          -1.1702        0.90000
2.0571          -1.1441        0.90000
2.0565          -1.1438        0.90000
1.8589          -1.2365        0.90000
1.8857          -1.2559        0.90000
1.2958          -0.85167       0.90000
1.3286          -0.87455       0.90000
1.2857          -0.84515       0.90000
1.2585          -0.82635       0.90000
1.2429          -0.81618       0.90000
1.3563          -0.89391       0.90000
1.3328          -0.87721       0.90000
1.4452          -0.95343       0.90000
1.4143          -0.93283       0.90000
1.2209          -0.80117       0.90000
1.2000          -0.78744       0.90000
0.15290         -5.4758E-4     0.90000
0.12857         0.018964       0.90000
0.11450         0.032653       0.90000
0.096880        0.049934       0.90000
0.085714        0.056031       0.90000
2.3500          -1.3507        0.90000
2.3571          -1.3553        0.90000
1.8962          -1.2627        0.90000
1.9286          -1.2864        0.90000
0.35064         -0.23799       0.90000
0.38571         -0.25844       0.90000
0.34286         -0.23333       0.90000
0.31018         -0.21467       0.90000
0.30000         -0.20881       0.90000
0.39060         -0.26150       0.90000
0.42857         -0.28411       0.90000
0.88358         -0.57676       0.90000
0.90000         -0.58756       0.90000
0.85714         -0.55940       0.90000
1.4074          -0.92812       0.90000
1.3714          -0.90407       0.90000
1.3696          -0.90283       0.90000
1.1833          -0.77610       0.90000
1.1571          -0.75884       0.90000
0.92123         -0.60142       0.90000
0.94286         -0.61580       0.90000
0.26905         -0.19159       0.90000
0.25714         -0.18492       0.90000
0.12161         0.023839       0.90000
0.059380        0.072496       0.90000
2.3857          -1.3773        0.90000
2.4000          -1.3866        0.90000
1.9556          -1.3061        0.90000
1.9329          -1.2892        0.90000
0.76860         -0.50136       0.90000
0.73379         -0.47837       0.90000
0.72857         -0.47505       0.90000
0.69617         -0.45394       0.90000
0.68571         -0.44726       0.90000
0.65835         -0.42963       0.90000
0.64286         -0.41970       0.90000
0.44703         -0.29544       0.90000
0.43021         -0.28516       0.90000
0.54463         -0.35710       0.90000
0.55714         -0.36483       0.90000
0.51429         -0.33747       0.90000
0.62041         -0.40541       0.90000
0.60000         -0.39227       0.90000
0.58245         -0.38125       0.90000
0.84599         -0.55213       0.90000
0.81429         -0.53129       0.90000
1.1456          -0.75108       0.90000
1.1143          -0.73034       0.90000
0.95886         -0.62615       0.90000
0.98571         -0.64420       0.90000
0.22731         -0.16871       0.90000
0.21429         -0.16163       0.90000
2.4223          -1.4036        0.90000
2.4429          -1.4171        0.90000
1.9697          -1.3157        0.90000
1.9714          -1.3170        0.90000
2.1972          -1.4728        0.90000
2.2286          -1.4964        0.90000
2.1857          -1.4653        0.90000
2.1598          -1.4462        0.90000
2.1429          -1.4350        0.90000
0.80848         -0.52754       0.90000
0.77143         -0.50320       0.90000
0.77107         -0.50297       0.90000
0.50690         -0.33299       0.90000
0.47143         -0.31045       0.90000
0.46897         -0.30898       0.90000
1.0627          -0.69614       0.90000
1.0335          -0.67602       0.90000
1.0286          -0.67291       0.90000
0.99633         -0.65100       0.90000
1.1079          -0.72611       0.90000
1.0714          -0.70190       0.90000
0.18601         -0.14572       0.90000
0.17143         -0.13819       0.90000
2.4595          -1.4296        0.90000
2.4857          -1.4471        0.90000
2.0078          -1.3416        0.90000
2.0143          -1.3462        0.90000
2.2613          -1.5207        0.90000
2.2339          -1.4998        0.90000
2.1221          -1.4199        0.90000
2.1000          -1.4052        0.90000
1.0704          -0.70118       0.90000
0.14812         -0.12168       0.90000
0.12857         -0.11196       0.90000
2.4969          -1.4555        0.90000
2.5286          -1.4768        0.90000
2.0841          -1.3937        0.90000
2.0571          -1.3756        0.90000
2.0460          -1.3676        0.90000
2.3086          -1.5532        0.90000
2.3143          -1.5572        0.90000
2.2714          -1.5277        0.90000
2.2703          -1.5269        0.90000
0.11220         -0.097089      0.90000
0.085714        -0.081487      0.90000
2.5346          -1.4813        0.90000
2.5714          -1.5065        0.90000
2.3470          -1.5795        0.90000
2.3571          -1.5869        0.90000
0.077069        -0.072329      0.90000
2.5794          -1.5120        0.90000
2.5724          -1.5072        0.90000
2.3852          -1.6059        0.90000
2.4000          -1.6167        0.90000
2.6074          -1.5346        0.90000
2.6143          -1.5390        0.90000
2.4233          -1.6324        0.90000
2.4429          -1.6469        0.90000
2.7164          -1.6150        0.90000
2.7429          -1.6330        0.90000
2.7000          -1.6023        0.90000
2.6794          -1.5885        0.90000
2.6571          -1.5711        0.90000
2.6429          -1.5617        0.90000
2.4611          -1.6591        0.90000
2.4857          -1.6777        0.90000
2.7537          -1.6414        0.90000
2.7857          -1.6634        0.90000
2.4985          -1.6861        0.90000
2.5286          -1.7092        0.90000
2.7913          -1.6676        0.90000
2.8286          -1.6936        0.90000
2.5687          -1.7397        0.90000
2.5352          -1.7135        0.90000
2.8324          -1.6963        0.90000
2.8290          -1.6939        0.90000
2.5711          -1.7414        0.90000
2.5714          -1.7416        0.90000
2.8636          -1.7220        0.90000
2.8714          -1.7273        0.90000
2.6096          -1.7679        0.90000
2.6143          -1.7714        0.90000
2.7245          -1.8482        0.90000
2.7429          -1.8622        0.90000
2.7000          -1.8316        0.90000
2.9353          -1.7770        0.90000
2.9143          -1.7601        0.90000
2.8990          -1.7497        0.90000
2.6863          -1.8213        0.90000
2.6571          -1.8014        0.90000
2.6480          -1.7946        0.90000
2.7623          -1.8753        0.90000
2.7857          -1.8934        0.90000
2.7997          -1.9027        0.90000
2.8286          -1.9254        0.90000
2.8364          -1.9306        0.90000
2.8714          -1.9588        0.90000
2.8720          -1.9591        0.90000
