-0.0045445      -0.065267      0.90000
0.0000          -0.070168      0.90000
-0.0057776      -0.061420      0.90000
-0.012930       -0.025000      0.90000
-0.0099700      -0.033895      0.90000
-0.042287       0.026690       0.90000
-0.042147       0.025000       0.90000
-0.053745       0.066232       0.90000
0.0000          0.12535        0.90000
-0.017408       0.11612        0.90000
-0.034795       0.10443        0.90000
-0.048662       0.089244       0.90000
-0.034777       0.093080       0.90000
0.029637        -0.089438      0.90000
0.053571        -0.11166       0.90000
2.9904          -1.4714        0.90000
3.0000          -1.4772        0.90000
2.9464          -1.4473        0.90000
0.034674        0.11099        0.90000
0.053571        0.099241       0.90000
2.9962          -1.2412        0.90000
3.0000          -1.2432        0.90000
2.9821          -1.2315        0.90000
2.9506          -1.2143        0.90000
2.9464          -1.2119        0.90000
-0.053699       0.071420       0.90000
1.3913          -0.63486       0.90000
1.3929          -0.63560       0.90000
1.3765          -0.62746       0.90000
1.4401          -0.65901       0.90000
1.4464          -0.66210       0.90000
1.3431          -0.61045       0.90000
1.3393          -0.60872       0.90000
1.4892          -0.68311       0.90000
1.5000          -0.68843       0.90000
0.36078         -0.18113       0.90000
0.37500         -0.18679       0.90000
0.32143         -0.16915       0.90000
1.2945          -0.58627       0.90000
1.2857          -0.58212       0.90000
0.42025         -0.20103       0.90000
0.42857         -0.20377       0.90000
1.5384          -0.70722       0.90000
1.5536          -0.71476       0.90000
0.30217         -0.16089       0.90000
0.26786         -0.14875       0.90000
1.2455          -0.56234       0.90000
1.2321          -0.55578       0.90000
0.47783         -0.22146       0.90000
0.48214         -0.22288       0.90000
1.5875          -0.73140       0.90000
1.6071          -0.74118       0.90000
0.24319         -0.14069       0.90000
0.21429         -0.13197       0.90000
1.1964          -0.53854       0.90000
1.1786          -0.52958       0.90000
1.3902          -0.44383       0.90000
1.3929          -0.44488       0.90000
1.3393          -0.42261       0.90000
0.53241         -0.24283       0.90000
0.53571         -0.24402       0.90000
1.6367          -0.75565       0.90000
1.6607          -0.76774       0.90000
1.4421          -0.46554       0.90000
1.4464          -0.46727       0.90000
2.4630          -1.1818        0.90000
2.4643          -1.1824        0.90000
2.4493          -1.1747        0.90000
2.5119          -1.2071        0.90000
2.5179          -1.2103        0.90000
0.10714         -0.12880       0.90000
0.14822         -0.12209       0.90000
0.17336         -0.12357       0.90000
0.16071         -0.12139       0.90000
1.1472          -0.51479       0.90000
1.1250          -0.50356       0.90000
1.3383          -0.42220       0.90000
1.3017          -0.40709       0.90000
0.74257         -0.33110       0.90000
0.75000         -0.33427       0.90000
0.69643         -0.31143       0.90000
0.79454         -0.35341       0.90000
0.80357         -0.35729       0.90000
0.84624         -0.37584       0.90000
0.85714         -0.38056       0.90000
0.89758         -0.39843       0.90000
0.91071         -0.40416       0.90000
0.58550         -0.26469       0.90000
0.58929         -0.26618       0.90000
0.33065         -0.021938      0.90000
0.37500         -0.037956      0.90000
0.32143         -0.018679      0.90000
1.6858          -0.77999       0.90000
1.7143          -0.79446       0.90000
1.4938          -0.48731       0.90000
1.5000          -0.48976       0.90000
2.2718          -1.0781        0.90000
2.3036          -1.0953        0.90000
2.2500          -1.0674        0.90000
2.2229          -1.0529        0.90000
2.1964          -1.0398        0.90000
2.4158          -1.1554        0.90000
2.4107          -1.1529        0.90000
2.5609          -1.2326        0.90000
2.5714          -1.2383        0.90000
0.075704        -0.11367       0.90000
0.27535         -0.0017327     0.90000
0.26786         8.4115E-4      0.90000
1.0487          -0.46758       0.90000
1.0714          -0.47790       0.90000
1.0179          -0.45274       0.90000
1.0980          -0.49111       0.90000
1.2861          -0.40066       0.90000
1.2857          -0.40048       0.90000
0.63806         -0.28674       0.90000
0.64286         -0.28872       0.90000
0.69040         -0.30888       0.90000
0.94848         -0.42123       0.90000
0.96429         -0.42818       0.90000
0.99886         -0.44427       0.90000
0.38637         -0.041973      0.90000
0.42857         -0.057462      0.90000
1.9283          -0.90406       0.90000
1.9286          -0.90419       0.90000
1.9255          -0.90265       0.90000
1.9774          -0.92875       0.90000
1.9821          -0.93119       0.90000
1.8324          -0.85369       0.90000
1.8750          -0.87608       0.90000
1.8214          -0.84852       0.90000
1.7348          -0.80442       0.90000
1.7679          -0.82137       0.90000
1.7837          -0.82897       0.90000
1.5455          -0.50913       0.90000
1.5536          -0.51234       0.90000
2.1248          -1.0030        0.90000
2.1429          -1.0125        0.90000
2.0893          -0.98532       0.90000
2.1739          -1.0279        0.90000
2.0265          -0.95347       0.90000
2.0357          -0.95823       0.90000
2.0756          -0.97822       0.90000
2.3204          -1.1034        0.90000
2.3571          -1.1237        0.90000
2.3685          -1.1292        0.90000
2.6098          -1.2581        0.90000
2.6250          -1.2666        0.90000
0.21867         0.018024       0.90000
0.21429         0.019465       0.90000
1.2338          -0.37921       0.90000
1.2321          -0.37851       0.90000
0.44159         -0.062162      0.90000
0.48214         -0.077559      0.90000
1.8806          -0.87869       0.90000
1.5972          -0.53101       0.90000
1.6071          -0.53501       0.90000
2.6586          -1.2838        0.90000
2.6786          -1.2951        0.90000
0.17715         0.030992       0.90000
0.16071         0.036325       0.90000
1.1813          -0.35785       0.90000
1.1786          -0.35669       0.90000
0.49583         -0.082696      0.90000
0.53571         -0.098299      0.90000
1.6487          -0.55296       0.90000
1.6607          -0.55784       0.90000
2.7072          -1.3097        0.90000
2.7321          -1.3240        0.90000
2.9423          -1.4449        0.90000
2.9046          -1.4243        0.90000
0.15032         0.041443       0.90000
0.11441         0.060657       0.90000
0.10714         0.064108       0.90000
0.15923         0.036913       0.90000
1.1288          -0.33655       0.90000
1.1250          -0.33499       0.90000
0.70731         -0.16695       0.90000
0.75000         -0.18406       0.90000
0.69643         -0.16252       0.90000
0.75994         -0.18813       0.90000
0.80357         -0.20561       0.90000
0.81260         -0.20931       0.90000
0.85714         -0.22715       0.90000
0.86528         -0.23049       0.90000
0.91071         -0.24869       0.90000
0.54921         -0.10355       0.90000
0.58929         -0.11951       0.90000
1.7002          -0.57500       0.90000
1.7143          -0.58091       0.90000
2.2875          -0.85880       0.90000
2.3036          -0.86616       0.90000
2.2500          -0.83880       0.90000
2.2397          -0.83422       0.90000
2.1964          -0.81082       0.90000
2.4326          -0.93197       0.90000
2.4643          -0.94752       0.90000
2.4107          -0.92033       0.90000
2.7554          -1.3358        0.90000
2.7857          -1.3537        0.90000
2.8030          -1.3624        0.90000
2.8393          -1.3845        0.90000
2.4810          -0.95647       0.90000
2.5179          -0.97493       0.90000
2.8497          -1.3897        0.90000
2.8929          -1.4169        0.90000
2.8949          -1.4179        0.90000
0.079443        0.087494       0.90000
1.0234          -0.29408       0.90000
1.0714          -0.31337       0.90000
1.0179          -0.29179       0.90000
1.0761          -0.31530       0.90000
0.60207         -0.12461       0.90000
0.64286         -0.14097       0.90000
0.65471         -0.14576       0.90000
0.91798         -0.25168       0.90000
0.96429         -0.27023       0.90000
0.97069         -0.27288       0.90000
1.8523          -0.64238       0.90000
1.8750          -0.65287       0.90000
1.8214          -0.62831       0.90000
1.7513          -0.59720       0.90000
1.7679          -0.60435       0.90000
1.8021          -0.61964       0.90000
2.1928          -0.80923       0.90000
2.1704          -0.79689       0.90000
2.3357          -0.88320       0.90000
2.3571          -0.89325       0.90000
2.3842          -0.90756       0.90000
2.5293          -0.98111       0.90000
2.5714          -1.0026        0.90000
1.9021          -0.66545       0.90000
1.9286          -0.67804       0.90000
1.9513          -0.68884       0.90000
1.9821          -0.70376       0.90000
2.0971          -0.76036       0.90000
2.1429          -0.78309       0.90000
2.0893          -0.75642       0.90000
2.1455          -0.78445       0.90000
2.0001          -0.71249       0.90000
2.0357          -0.72993       0.90000
2.0487          -0.73635       0.90000
2.6699          -1.0582        0.90000
2.6786          -1.0623        0.90000
2.6302          -1.0333        0.90000
2.5775          -1.0059        0.90000
2.6250          -1.0305        0.90000
2.7154          -1.0851        0.90000
2.7321          -1.0933        0.90000
2.6256          -1.0308        0.90000
2.7617          -1.1113        0.90000
2.7857          -1.1234        0.90000
2.8086          -1.1372        0.90000
2.8393          -1.1530        0.90000
2.8558          -1.1630        0.90000
2.8929          -1.1825        0.90000
2.9032          -1.1887        0.90000
