-0.024099       0.053417       0.90000
-0.027617       0.052345       0.90000
0.0000          0.061850       0.90000
-0.028500       0.051126       0.90000
-0.026667       0.042903       0.90000
-0.020885       0.025000       0.90000
0.042857        0.055053       0.90000
0.028746        0.057459       0.90000
0.015138        -0.032126      0.90000
0.011856        -0.023568      0.90000
0.0000          -0.017994      0.90000
0.032857        -0.048634      0.90000
0.042857        -0.057723      0.90000
2.9845          -1.5962        0.90000
3.0000          -1.6051        0.90000
2.9571          -1.5781        0.90000
2.9646          -1.7572        0.90000
3.0000          -1.7802        0.90000
2.9571          -1.7530        0.90000
1.1763          -0.52851       0.90000
1.2000          -0.54124       0.90000
1.1571          -0.51792       0.90000
1.1374          -0.50747       0.90000
1.1143          -0.49463       0.90000
1.2151          -0.54961       0.90000
1.2429          -0.56466       0.90000
1.0986          -0.48647       0.90000
1.0714          -0.47127       0.90000
1.2926          -0.59207       0.90000
1.3286          -0.61195       0.90000
1.2857          -0.58822       0.90000
1.2539          -0.57079       0.90000
1.3552          -0.62680       0.90000
1.3313          -0.61346       0.90000
0.97930         -0.41992       0.90000
0.94719         -0.40216       0.90000
0.94286         -0.39980       0.90000
1.0601          -0.46546       0.90000
1.0286          -0.44766       0.90000
0.90933         -0.38138       0.90000
0.90000         -0.37637       0.90000
1.4437          -0.67924       0.90000
1.4571          -0.68636       0.90000
1.4143          -0.66171       0.90000
1.4059          -0.65735       0.90000
1.3714          -0.63653       0.90000
1.3689          -0.63525       0.90000
1.0220          -0.44438       0.90000
0.98571         -0.42358       0.90000
0.98478         -0.42312       0.90000
0.87129         -0.36073       0.90000
0.85714         -0.35324       0.90000
1.5205          -0.72272       0.90000
1.5429          -0.73484       0.90000
1.5000          -0.71069       0.90000
1.4819          -0.70101       0.90000
1.5593          -0.74443       0.90000
1.5857          -0.75893       0.90000
0.83300         -0.34024       0.90000
0.81429         -0.33046       0.90000
1.6371          -0.78794       0.90000
1.6714          -0.80717       0.90000
1.6286          -0.78302       0.90000
1.5982          -0.76616       0.90000
1.6760          -0.80979       0.90000
1.7143          -0.83143       0.90000
1.1790          -0.70569       0.90000
1.2000          -0.71789       0.90000
1.1571          -0.69342       0.90000
1.1398          -0.68336       0.90000
1.1143          -0.66902       0.90000
0.79440         -0.31991       0.90000
0.77143         -0.30809       0.90000
1.7196          -0.83448       0.90000
1.7148          -0.83173       0.90000
1.2183          -0.72809       0.90000
1.2429          -0.74246       0.90000
1.1005          -0.66108       0.90000
1.0714          -0.64466       0.90000
0.75542         -0.29974       0.90000
0.72857         -0.28612       0.90000
1.7515          -0.85518       0.90000
1.7571          -0.85816       0.90000
1.2965          -0.77316       0.90000
1.3286          -0.79214       0.90000
1.2857          -0.76719       0.90000
1.2575          -0.75057       0.90000
1.3950          -0.83143       0.90000
1.3740          -0.81876       0.90000
1.3714          -0.81739       0.90000
1.3354          -0.79587       0.90000
0.71605         -0.27973       0.90000
0.68571         -0.26456       0.90000
0.95691         -0.57967       0.90000
0.94444         -0.57232       0.90000
0.94286         -0.57146       0.90000
1.0613          -0.63885       0.90000
1.0286          -0.62032       0.90000
0.90616         -0.55004       0.90000
0.90000         -0.54668       0.90000
1.7888          -0.87840       0.90000
1.8000          -0.88438       0.90000
1.4523          -0.86422       0.90000
1.4571          -0.86701       0.90000
1.4143          -0.84249       0.90000
1.4128          -0.84161       0.90000
0.53051         -0.18873       0.90000
0.51525         -0.18131       0.90000
0.51429         -0.18084       0.90000
0.67628         -0.25987       0.90000
0.64286         -0.24335       0.90000
1.0222          -0.61666       0.90000
0.98571         -0.59600       0.90000
0.98312         -0.59452       0.90000
0.86759         -0.52792       0.90000
0.85714         -0.52217       0.90000
1.8268          -0.90130       0.90000
1.8429          -0.90998       0.90000
1.5317          -0.90955       0.90000
1.5429          -0.91610       0.90000
1.5000          -0.89155       0.90000
1.4920          -0.88687       0.90000
1.5714          -0.93227       0.90000
1.5857          -0.94069       0.90000
0.47473         -0.16180       0.90000
0.47143         -0.16018       0.90000
0.43400         -0.14237       0.90000
0.42857         -0.13971       0.90000
0.55561         -0.20088       0.90000
0.55714         -0.20159       0.90000
0.63620         -0.24013       0.90000
0.60000         -0.22239       0.90000
0.59593         -0.22048       0.90000
0.82887         -0.50590       0.90000
0.81429         -0.49784       0.90000
0.39306         -0.12300       0.90000
0.38571         -0.11939       0.90000
1.6509          -0.97786       0.90000
1.6714          -0.99007       0.90000
1.6286          -0.96533       0.90000
1.6111          -0.95504       0.90000
1.8653          -0.92398       0.90000
1.8857          -0.93516       0.90000
1.6905          -1.0008        0.90000
1.7143          -1.0149        0.90000
0.79006         -0.48397       0.90000
0.77143         -0.47362       0.90000
0.35198         -0.10370       0.90000
0.34286         -0.099146      0.90000
1.9041          -0.94653       0.90000
1.9286          -0.96009       0.90000
1.7301          -1.0237        0.90000
1.7571          -1.0400        0.90000
0.75125         -0.46211       0.90000
0.72857         -0.44946       0.90000
0.31096         -0.084420      0.90000
0.30000         -0.078741      0.90000
2.0988          -1.0582        0.90000
2.0607          -1.0363        0.90000
2.0571          -1.0342        0.90000
2.0214          -1.0139        0.90000
2.0143          -1.0095        0.90000
1.9822          -0.99144       0.90000
1.9714          -0.98485       0.90000
1.9431          -0.96900       0.90000
1.7696          -1.0468        0.90000
1.8000          -1.0652        0.90000
2.1362          -1.0825        0.90000
2.1429          -1.0861        0.90000
2.1000          -1.0590        0.90000
2.1735          -1.1058        0.90000
2.1857          -1.1124        0.90000
0.71247         -0.44032       0.90000
0.68571         -0.42533       0.90000
0.27067         -0.065069      0.90000
0.25714         -0.057558      0.90000
2.2888          -1.1744        0.90000
2.3143          -1.1887        0.90000
2.2714          -1.1636        0.90000
2.0998          -1.0588        0.90000
1.8088          -1.0701        0.90000
1.8429          -1.0909        0.90000
2.2500          -1.1516        0.90000
2.2286          -1.1382        0.90000
2.2115          -1.1288        0.90000
0.52009         -0.33202       0.90000
0.55714         -0.35303       0.90000
0.51429         -0.32883       0.90000
0.56705         -0.35866       0.90000
0.55827         -0.35364       0.90000
0.67376         -0.41858       0.90000
0.64286         -0.40122       0.90000
0.23260         -0.045466      0.90000
0.21429         -0.034105      0.90000
2.3278          -1.1971        0.90000
2.3571          -1.2138        0.90000
1.8478          -1.0935        0.90000
1.8857          -1.1169        0.90000
0.48178         -0.31049       0.90000
0.47143         -0.30478       0.90000
0.44344         -0.28905       0.90000
0.42857         -0.28083       0.90000
0.63516         -0.39689       0.90000
0.60000         -0.37714       0.90000
0.59664         -0.37525       0.90000
0.40515         -0.26768       0.90000
0.38571         -0.25694       0.90000
0.19885         -0.025411      0.90000
0.17143         -0.0058723     0.90000
0.16787         -0.0032344     0.90000
0.13836         0.015133       0.90000
0.12857         0.019534       0.90000
2.3669          -1.2198        0.90000
2.4000          -1.2387        0.90000
1.8912          -1.1202        0.90000
1.8863          -1.1172        0.90000
0.36697         -0.24637       0.90000
0.34286         -0.23308       0.90000
0.17010         -0.0049402     0.90000
0.10092         0.034369       0.90000
0.085714        0.039551       0.90000
2.4741          -1.2818        0.90000
2.4455          -1.2652        0.90000
2.4429          -1.2636        0.90000
2.4062          -1.2425        0.90000
1.9261          -1.1404        0.90000
1.9286          -1.1419        0.90000
2.1265          -1.2562        0.90000
2.1429          -1.2660        0.90000
2.1000          -1.2411        0.90000
2.1666          -1.2795        0.90000
2.1857          -1.2910        0.90000
0.32891         -0.22512       0.90000
0.30000         -0.20925       0.90000
0.053498        0.052440       0.90000
2.4840          -1.2884        0.90000
2.4857          -1.2894        0.90000
2.2863          -1.3499        0.90000
2.3143          -1.3672        0.90000
2.2714          -1.3416        0.90000
2.5208          -1.3126        0.90000
2.5286          -1.3169        0.90000
2.0864          -1.2329        0.90000
2.0571          -1.2162        0.90000
2.0463          -1.2097        0.90000
2.0143          -1.1914        0.90000
2.0062          -1.1866        0.90000
1.9714          -1.1666        0.90000
1.9661          -1.1635        0.90000
2.2466          -1.3263        0.90000
2.2286          -1.3162        0.90000
2.2066          -1.3028        0.90000
0.29093         -0.20394       0.90000
0.25714         -0.18548       0.90000
0.21511         -0.16231       0.90000
0.21438         -0.16188       0.90000
0.21429         -0.16183       0.90000
2.3259          -1.3737        0.90000
2.3571          -1.3932        0.90000
2.5585          -1.3364        0.90000
2.5714          -1.3436        0.90000
0.25284         -0.18286       0.90000
0.17700         -0.13950       0.90000
0.17143         -0.13658       0.90000
2.3652          -1.3976        0.90000
2.4000          -1.4196        0.90000
2.5968          -1.3600        0.90000
2.6143          -1.3698        0.90000
0.14101         -0.11666       0.90000
0.12857         -0.11050       0.90000
2.4404          -1.4450        0.90000
2.4041          -1.4218        0.90000
2.6355          -1.3834        0.90000
2.6571          -1.3956        0.90000
0.10534         -0.093784      0.90000
0.085714        -0.084487      0.90000
2.4830          -1.4698        0.90000
2.4857          -1.4715        0.90000
2.4429          -1.4464        0.90000
2.4427          -1.4463        0.90000
2.6745          -1.4066        0.90000
2.7000          -1.4211        0.90000
2.5234          -1.4934        0.90000
2.5286          -1.4965        0.90000
0.069576        -0.071010      0.90000
2.7137          -1.4298        0.90000
2.7429          -1.4465        0.90000
2.5638          -1.5170        0.90000
2.5714          -1.5216        0.90000
2.7531          -1.4530        0.90000
2.7857          -1.4718        0.90000
2.6042          -1.5406        0.90000
2.6143          -1.5468        0.90000
2.7926          -1.4761        0.90000
2.8286          -1.4971        0.90000
2.6446          -1.5643        0.90000
2.6571          -1.5720        0.90000
2.8321          -1.4993        0.90000
2.8714          -1.5223        0.90000
2.6850          -1.5880        0.90000
2.7000          -1.5972        0.90000
2.8747          -1.5243        0.90000
2.8717          -1.5225        0.90000
2.7254          -1.6118        0.90000
2.7429          -1.6226        0.90000
2.9087          -1.5474        0.90000
2.9143          -1.5505        0.90000
2.7656          -1.6356        0.90000
2.7857          -1.6481        0.90000
2.9463          -1.5719        0.90000
2.8058          -1.6596        0.90000
2.8286          -1.6739        0.90000
2.8459          -1.6837        0.90000
2.8714          -1.6999        0.90000
2.8857          -1.7080        0.90000
2.9143          -1.7262        0.90000
2.9253          -1.7324        0.90000
